225543,https://hikingprostore.com/product/boots-femme-hiver-2020-winter-womens-cotton-shoes-light-snow-boots-thick-rocking-hiking-cotton-shoes-winter-warmer-boots-n11/,boots femme hiver 2020 Winter Women's Cotton Shoes Light Snow Boots Thick Rocking Hiking Cotton Shoes winter warmer boots #N11,2020/02/boots-femme-hiver-2020-Winter-Women-s-Cotton-Shoes-Light-Snow-Boots-Thick-Rocking-Hiking-Cotton.jpg
225588,https://hikingprostore.com/product/large-size-womens-shoes-hiking-sports-casual-mesh-shoes-womens-foot-covering-slip-on-jianbu-travel-single-shoe/,Large Size WOMEN'S Shoes Hiking Sports Casual Mesh Shoes Women's Foot Covering Slip-on Jianbu Travel Single Shoe,2020/02/Large-Size-WOMEN-S-Shoes-Hiking-Sports-Casual-Mesh-Shoes-Women-s-Foot-Covering-Slip-on.jpg
225634,https://hikingprostore.com/product/2019-autumn-women-ankle-boots-hiking-sneakers-male-outdoor-travel-shoes-winter-plush-snow-boots-non-slip-safety-elderly-shoes/,2019 Autumn Women Ankle Boots Hiking Sneakers Male Outdoor Travel Shoes Winter Plush Snow Boots Non-slip Safety Elderly Shoes,2020/02/2019-Autumn-Women-Ankle-Boots-Hiking-Sneakers-Male-Outdoor-Travel-Shoes-Winter-Plush-Snow-Boots-Non.jpg
225695,https://hikingprostore.com/product/2019-winter-plus-velvet-warm-couple-snow-boots-slip-wear-resistant-hiking-sneakers-men-and-women-fashion-ankle-boots-work-shoes/,2019 Winter Plus Velvet Warm Couple Snow Boots Slip Wear-resistant Hiking Sneakers Men and Women Fashion Ankle Boots Work Shoes,2020/02/2019-Winter-Plus-Velvet-Warm-Couple-Snow-Boots-Slip-Wear-resistant-Hiking-Sneakers-Men-and-Women.jpg
225719,https://hikingprostore.com/product/womens-hiking-boots-outdoor-leather-trekking-trail-waterproof-climbing-shoes-non-slip-camping-shoes-for-women-tactical-shoes/,Women's Hiking Boots Outdoor Leather Trekking Trail Waterproof Climbing Shoes Non-slip Camping shoes for Women Tactical Shoes,2020/02/Women-s-Hiking-Boots-Outdoor-Leather-Trekking-Trail-Waterproof-Climbing-Shoes-Non-slip-Camping-shoes-for.jpg
225726,https://hikingprostore.com/product/2019-autumn-and-winter-sports-shoes-outdoor-hiking-mens-shoes-womens-shoes-couple-models-comfortable-mesh-breathable-shoes/,"2019 autumn and winter sports shoes outdoor hiking men's shoes, women's shoes, couple models, comfortable mesh breathable shoes",2020/02/2019-autumn-and-winter-sports-shoes-outdoor-hiking-men-s-shoes-women-s-shoes-couple-models.jpg
225873,https://hikingprostore.com/product/odorola-womens-mens-snow-boots-warm-fur-winter-boots-waterproof-couples-mountain-climbing-hiking-boots-druable-trekking-shoes/,OdoRola Women's Mens Snow Boots Warm Fur Winter Boots Waterproof Couples Mountain Climbing Hiking Boots Druable Trekking Shoes,2020/02/OdoRola-Women-s-Mens-Snow-Boots-Warm-Fur-Winter-Boots-Waterproof-Couples-Mountain-Climbing-Hiking-Boots.jpg
225931,https://hikingprostore.com/product/womens-outdoor-high-top-hiking-hiking-cotton-shoes-round-head-laceup-antisk-boots-thicksoled-casual-shallow-warm-snow-boots-4/,Women's outdoor high top hiking hiking cotton shoes round head laceup antisk boots thicksoled casual shallow warm snow boots,2020/02/Women-s-outdoor-high-top-hiking-hiking-cotton-shoes-round-head-laceup-antisk-boots-thicksoled-casual-17.jpg
225969,https://hikingprostore.com/product/flat-shoes-womens-walking-shoes-sport-leisure-outdoor-non-slip-hiking-shoes-sneakers-women-shoes-casual-zapatos-de-mujer/,Flat Shoes Women's Walking Shoes Sport Leisure Outdoor Non-Slip Hiking Shoes Sneakers Women Shoes Casual Zapatos De Mujer,2020/02/Flat-Shoes-Women-s-Walking-Shoes-Sport-Leisure-Outdoor-Non-Slip-Hiking-Shoes-Sneakers-Women-Shoes.jpg
225990,https://hikingprostore.com/product/jzzddown-nylon-trekking-outdoor-midcalf-ladies-boots-fashion-womens-boots-shoes-woman-hiking-warm-plush-women-winter-snow-boots/,JZZDDOWN Nylon Trekking Outdoor MidCalf Ladies Boots Fashion Women's boots Shoes Woman Hiking Warm Plush Women Winter Snow Boots,2020/02/JZZDDOWN-Nylon-Trekking-Outdoor-MidCalf-Ladies-Boots-Fashion-Women-s-boots-Shoes-Woman-Hiking-Warm-Plush.jpg
226088,https://hikingprostore.com/product/rubber-wedges-womens-ankle-boots-flat-bottom-non-slip-female-hiking-shoes-autumn-winter-outdoor-lace-up-buckle-martin-boots/,Rubber Wedges Women's Ankle Boots Flat Bottom Non Slip Female Hiking Shoes Autumn Winter Outdoor Lace Up Buckle Martin Boots,2020/02/Rubber-Wedges-Women-s-Ankle-Boots-Flat-Bottom-Non-Slip-Female-Hiking-Shoes-Autumn-Winter-Outdoor.jpg
226151,https://hikingprostore.com/product/jzzddown-outdoor-hiking-waterproof-midcalf-boots-fashion-microfiber-women-snow-boots-winter-warm-plush-womens-boots-shoes-woman/,JZZDDOWN Outdoor Hiking Waterproof MidCalf Boots Fashion Microfiber Women Snow Boots Winter Warm Plush Women's boots Shoes Woman,2020/02/JZZDDOWN-Outdoor-Hiking-Waterproof-MidCalf-Boots-Fashion-Microfiber-Women-Snow-Boots-Winter-Warm-Plush-Women-s.jpg
226171,https://hikingprostore.com/product/large-size-45-men-sports-boots-womens-winter-suede-round-toe-non-slip-plush-sneakers-snow-ankle-boots-warm-hiking-running-shoe/,Large Size 45 Men Sports Boots Women's Winter Suede Round-toe Non-slip Plush Sneakers Snow Ankle Boots Warm Hiking Running Shoe,2020/02/Large-Size-45-Men-Sports-Boots-Women-s-Winter-Suede-Round-toe-Non-slip-Plush-Sneakers.jpg
226177,https://hikingprostore.com/product/womens-stretch-fabric-shoes-woman-socks-flats-platform-breathable-hiking-shoes-mesh-mesh-lightweight-leisure-ladies-ankle-boots/,Women's Stretch Fabric Shoes Woman Socks Flats Platform Breathable Hiking Shoes Mesh Mesh Lightweight Leisure ladies ankle Boots,2020/02/Women-s-Stretch-Fabric-Shoes-Woman-Socks-Flats-Platform-Breathable-Hiking-Shoes-Mesh-Mesh-Lightweight-Leisure.jpg
226191,https://hikingprostore.com/product/within-zipper-casual-sporty-students-shoes-large-size-womens-shoes-running-shoes-hiking-shoes-new-style-loafers/,Within Zipper Casual Sporty STUDENT'S Shoes Large Size WOMEN'S Shoes Running Shoes Hiking Shoes New Style Loafers,2020/02/Within-Zipper-Casual-Sporty-STUDENT-S-Shoes-Large-Size-WOMEN-S-Shoes-Running-Shoes-Hiking-Shoes.jpg
226203,https://hikingprostore.com/product/new-girls-sneakers-fashion-flying-woven-wild-mesh-school-tide-shoes-casual-hiking-non-slip-wear-shoes-shoes-womens-insoles/,New girls sneakers fashion flying woven wild mesh school tide shoes casual hiking non-slip wear shoes shoes women's insoles,2020/02/New-girls-sneakers-fashion-flying-woven-wild-mesh-school-tide-shoes-casual-hiking-non-slip-wear.jpg
226265,https://hikingprostore.com/product/2019-autumn-short-martin-boots-women-flat-bottom-round-head-ankle-boots-fashion-female-motorcycle-boots-winter-cotton-shoes/,2019 Autumn Short Martin Boots Women Flat Bottom Round Head Ankle Boots Fashion Female Motorcycle Boots Winter Cotton Shoes,2020/02/2019-Autumn-Short-Martin-Boots-Women-Flat-Bottom-Round-Head-Ankle-Boots-Fashion-Female-Motorcycle-Boots.jpg
226279,https://hikingprostore.com/product/20-18-million-yongda-autumn-and-winter-new-style-outdoor-couples-hiking-shoes-womens-hight-top-warm-plus-velvet-men-hiking-athl-4/,20.18 Million Yongda Autumn And Winter New Style Outdoor Couples Hiking Shoes Women's Hight-top Warm plus Velvet Men Hiking Athl,2020/02/20-18-Million-Yongda-Autumn-And-Winter-New-Style-Outdoor-Couples-Hiking-Shoes-Women-s-Hight-9.jpg
226339,https://hikingprostore.com/product/womens-ladies-winter-waterproof-snow-boots-ankle-bootie-cotton-padded-warm-non-slip-shoes-woman-warmer-hiking-snow-boots-2/,Women's Ladies Winter waterproof Snow Boots Ankle Bootie Cotton Padded Warm Non-slip Shoes woman Warmer Hiking Snow Boots,2020/02/Women-s-Ladies-Winter-waterproof-Snow-Boots-Ankle-Bootie-Cotton-Padded-Warm-Non-slip-Shoes-woman-6.jpg
226389,https://hikingprostore.com/product/womens-winter-warm-fur-plush-insole-shoes-woman-cotton-booties-slip-on-non-slip-lace-up-warm-casual-warmer-hiking-snow-booties-2/,Women's Winter warm fur plush Insole shoes woman Cotton Booties Slip-On Non-slip Lace-Up Warm Casual Warmer Hiking Snow Booties,2020/02/Women-s-Winter-warm-fur-plush-Insole-shoes-woman-Cotton-Booties-Slip-On-Non-slip-Lace-6.jpg
226437,https://hikingprostore.com/product/womens-short-boots-autumn-winter-platform-bootie-suede-zipper-outdoor-flock-footwear-warmer-hiking-snow-boots-shoes-botas-mujer-2/,Women's Short Boots Autumn Winter Platform Bootie Suede Zipper Outdoor Flock Footwear Warmer Hiking Snow Boots Shoes botas mujer,2020/02/Women-s-Short-Boots-Autumn-Winter-Platform-Bootie-Suede-Zipper-Outdoor-Flock-Footwear-Warmer-Hiking-Snow-6.jpg
226458,https://hikingprostore.com/product/womens-ankle-bootie-ladies-winter-short-warmer-hiking-snow-boots-warm-fur-plush-insole-shoes-woman-winter-footwear-dropshipping-2/,Women's Ankle Bootie Ladies Winter Short Warmer Hiking Snow Boots warm fur plush Insole shoes woman Winter Footwear Dropshipping,2020/02/Women-s-Ankle-Bootie-Ladies-Winter-Short-Warmer-Hiking-Snow-Boots-warm-fur-plush-Insole-shoes-6.jpg
226526,https://hikingprostore.com/product/womens-vintage-leather-boots-women-flat-heel-round-head-boots-waterproof-shoes-woman-winter-warmer-hiking-snow-ankle-boots/,Women's Vintage Leather Boots Women Flat Heel Round Head Boots Waterproof Shoes woman Winter Warmer Hiking Snow Ankle Boots,2020/02/Women-s-Vintage-Leather-Boots-Women-Flat-Heel-Round-Head-Boots-Waterproof-Shoes-woman-Winter-Warmer.jpg
226531,https://hikingprostore.com/product/2019-womens-short-boots-winter-solid-color-platform-bootie-outdoor-shoes-woman-flock-footwear-warm-non-slip-hiking-snow-boots-3/,2019 Women's Short Boots Winter Solid Color Platform Bootie Outdoor Shoes woman Flock Footwear Warm Non-slip Hiking Snow Boots,2020/02/2019-Women-s-Short-Boots-Winter-Solid-Color-Platform-Bootie-Outdoor-Shoes-woman-Flock-Footwear-Warm-6.jpg
226595,https://hikingprostore.com/product/womens-casual-thick-soled-wedge-socks-boots-shoes-woman-increase-high-flat-boots-ladies-short-boot-warmer-hiking-snow-boots/,Women's Casual Thick-Soled Wedge Socks Boots Shoes woman Increase High Flat Boots Ladies Short Boot Warmer Hiking Snow Boots,2020/02/Women-s-Casual-Thick-Soled-Wedge-Socks-Boots-Shoes-woman-Increase-High-Flat-Boots-Ladies-Short.jpg
226629,https://hikingprostore.com/product/womens-ankle-bootie-ladies-winter-solid-color-leather-short-snow-boots-warmer-hiking-snow-boots-lace-up-shoes-woman-footwear/,Women's Ankle Bootie Ladies Winter Solid Color Leather Short Snow Boots Warmer Hiking Snow Boots Lace-Up Shoes woman Footwear,2020/02/Women-s-Ankle-Bootie-Ladies-Winter-Solid-Color-Leather-Short-Snow-Boots-Warmer-Hiking-Snow-Boots.jpg
226661,https://hikingprostore.com/product/womens-suede-warmer-hiking-snow-boots-ladies-fashion-girls-shoes-woman-patchwork-thick-lace-up-short-boots-lace-up-bootie/,Women's Suede Warmer Hiking Snow Boots Ladies Fashion Girls shoes woman Patchwork Thick Lace-up Short Boots Lace-Up Bootie,2020/02/Women-s-Suede-Warmer-Hiking-Snow-Boots-Ladies-Fashion-Girls-shoes-woman-Patchwork-Thick-Lace-up.jpg
226678,https://hikingprostore.com/product/womens-ankle-bootie-ladies-winter-short-warmer-hiking-snow-boots-warm-fur-plush-insole-shoes-woman-winter-footwear-dropshipping-3/,Women's Ankle Bootie Ladies Winter Short Warmer Hiking Snow Boots warm fur plush Insole shoes woman Winter Footwear Dropshipping,2020/02/Women-s-Ankle-Bootie-Ladies-Winter-Short-Warmer-Hiking-Snow-Boots-warm-fur-plush-Insole-shoes-12.jpg
226679,https://hikingprostore.com/product/womens-tassel-casual-boots-round-toe-rome-retro-fringe-short-ankle-boots-flat-shoes-woman-bohemian-warmer-hiking-snow-boots-4/,Women's tassel Casual Boots Round Toe Rome Retro Fringe Short Ankle Boots Flat Shoes woman Bohemian Warmer Hiking Snow Boots,2020/02/Women-s-tassel-Casual-Boots-Round-Toe-Rome-Retro-Fringe-Short-Ankle-Boots-Flat-Shoes-woman-16.jpg
226744,https://hikingprostore.com/product/womens-warm-non-slip-boots-shoe-for-ladies-retro-short-boots-footwaer-winter-flat-casual-shoes-woman-warmer-hiking-snow-boots-3/,Women's Warm Non-slip Boots Shoe For Ladies Retro Short Boots Footwaer Winter Flat Casual Shoes woman Warmer Hiking Snow Boots,2020/02/Women-s-Warm-Non-slip-Boots-Shoe-For-Ladies-Retro-Short-Boots-Footwaer-Winter-Flat-Casual-12.jpg
226833,https://hikingprostore.com/product/womens-ladies-winter-suede-winter-boots-fringe-casual-cotton-shoes-woman-knee-high-long-boots-tassel-warmer-hiking-snow-boots/,Women's Ladies Winter Suede Winter Boots Fringe Casual Cotton Shoes Woman Knee-High Long Boots tassel Warmer Hiking Snow Boots,2020/02/Women-s-Ladies-Winter-Suede-Winter-Boots-Fringe-Casual-Cotton-Shoes-Woman-Knee-High-Long-Boots.jpg
226859,https://hikingprostore.com/product/women-running-sneakers-sporty-woman-sneakers-2019-female-breathable-walking-shoes-outdoor-hiking-mesh-shoes-zapatillas-mujer/,Women Running Sneakers Sporty Woman Sneakers 2019 Female Breathable Walking Shoes Outdoor Hiking Mesh Shoes Zapatillas Mujer,2020/02/Women-Running-Sneakers-Sporty-Woman-Sneakers-2019-Female-Breathable-Walking-Shoes-Outdoor-Hiking-Mesh-Shoes-Zapatillas.jpg
226912,https://hikingprostore.com/product/womens-ladies-martin-boots-fashion-round-toe-lace-up-casual-shoes-woman-lace-up-single-short-booties-warmer-hiking-snow-boots-2/,Women's Ladies Martin Boots Fashion Round Toe Lace-Up Casual shoes woman Lace Up Single Short Booties Warmer Hiking Snow Boots,2020/02/Women-s-Ladies-Martin-Boots-Fashion-Round-Toe-Lace-Up-Casual-shoes-woman-Lace-Up-Single-6.jpg
227050,https://hikingprostore.com/product/steel-round-toe-mens-womens-work-safety-shoesfashion-wear-resistant-non-slip-hiking-shoescomfortable-breathable-casual-shoes/,"steel round toe Men's/women's work safety shoes,Fashion wear-resistant non-slip hiking shoes,comfortable breathable casual shoes",2020/02/steel-round-toe-Men-s-women-s-work-safety-shoes-Fashion-wear-resistant-non-slip-hiking.jpg
227095,https://hikingprostore.com/product/jouir-talons-brand-new-wholesale-womens-shoes-outdoor-forest-hiking-footwear-shoeslace-flat-ankle-boots/,JOUIR TALONS Brand New Wholesale women's Shoes  Outdoor Forest Hiking Footwear Shoeslace Flat Ankle Boots,2020/02/JOUIR-TALONS-Brand-New-Wholesale-women-s-Shoes-Outdoor-Forest-Hiking-Footwear-Shoeslace-Flat-Ankle-Boots.jpg
227164,https://hikingprostore.com/product/summer-2019-couple-hiking-shoes-womens-running-shoe-male-cushion-breathable-mesh-casual-shoe-mens-sports-sneaker-gym-footwear/,Summer 2019 Couple Hiking Shoes Women's Running Shoe Male Cushion Breathable Mesh Casual Shoe Men's Sports Sneaker Gym Footwear,2020/02/Summer-2019-Couple-Hiking-Shoes-Women-s-Running-Shoe-Male-Cushion-Breathable-Mesh-Casual-Shoe-Men.jpg
227173,https://hikingprostore.com/product/yiger-new-womens-snow-boots-winter-warm-cotton-shoes-large-size-lace-up-outdoor-sports-non-slip-boots-ladies-hiking-boots-0412/,YIGER NEW Women's snow boots winter warm cotton shoes large size lace-up Outdoor sports Non-slip boots Ladies hiking boots  0412,2020/02/YIGER-NEW-Women-s-snow-boots-winter-warm-cotton-shoes-large-size-lace-up-Outdoor-sports.jpg
227181,https://hikingprostore.com/product/womens-ladies-winter-waterproof-snow-boots-ankle-bootie-cotton-padded-warm-non-slip-shoes-woman-warmer-hiking-snow-boots-1-2/,Women's Ladies Winter waterproof Snow Boots Ankle Bootie Cotton Padded Warm Non-slip Shoes woman Warmer Hiking Snow Boots #1-2,2020/02/Women-s-Ladies-Winter-waterproof-Snow-Boots-Ankle-Bootie-Cotton-Padded-Warm-Non-slip-Shoes-woman-12.jpg
227185,https://hikingprostore.com/product/womens-soft-bottom-sneakers-breathable-pu-leather-vulcanized-shoes-casual-platform-white-shoes-tenis-feminino-zapatos-de-mujer/,Women's Soft Bottom Sneakers Breathable PU Leather Vulcanized Shoes Casual Platform White Shoes Tenis Feminino Zapatos De Mujer,2020/02/Women-s-Soft-Bottom-Sneakers-Breathable-PU-Leather-Vulcanized-Shoes-Casual-Platform-White-Shoes-Tenis-Feminino.jpg
227319,https://hikingprostore.com/product/odorola-womens-snow-boots-warm-fur-winter-boots-thick-heel-waterproof-hiking-boots-for-women-high-top-platform-flat-shoe-autumn/,OdoRola Women's Snow Boots Warm Fur Winter Boots Thick Heel Waterproof Hiking Boots for Women High Top Platform Flat Shoe Autumn,2020/02/OdoRola-Women-s-Snow-Boots-Warm-Fur-Winter-Boots-Thick-Heel-Waterproof-Hiking-Boots-for-Women.jpg
227323,https://hikingprostore.com/product/spring-and-summer-new-style-large-size-womens-shoes-platform-shoes-air-cushion-wearable-extra-high-mom-shoes-hiking-sports-foot/,Spring And Summer New Style Large Size WOMEN'S Shoes Platform Shoes Air Cushion Wearable Extra High Mom Shoes Hiking Sports Foot,2020/02/Spring-And-Summer-New-Style-Large-Size-WOMEN-S-Shoes-Platform-Shoes-Air-Cushion-Wearable-Extra.jpg
227328,https://hikingprostore.com/product/2019-spring-harajuku-style-wild-street-shooting-korean-version-of-running-hiking-shoes-womens-old-shoes/,2019 spring Harajuku style wild street shooting Korean version of running hiking shoes women's old shoes,2020/02/2019-spring-Harajuku-style-wild-street-shooting-Korean-version-of-running-hiking-shoes-women-s-old.jpg
227330,https://hikingprostore.com/product/womens-casual-flat-leather-retro-lace-up-cross-strappy-boots-side-zipper-round-toe-shoe-warmer-hiking-snow-boots-botas-mujer-2/,Women's Casual Flat Leather Retro Lace-up Cross Strappy Boots Side Zipper Round Toe Shoe Warmer Hiking Snow Boots botas mujer,2020/02/Women-s-Casual-Flat-Leather-Retro-Lace-up-Cross-Strappy-Boots-Side-Zipper-Round-Toe-Shoe-4.jpg
227337,https://hikingprostore.com/product/new-autumn-and-winter-boots-womens-outdoor-classic-sports-fashion-martin-snow-boots-non-slip-wear-hiking-shoes/,New Autumn and Winter Boots Women's Outdoor Classic Sports Fashion Martin Snow Boots Non-slip Wear Hiking Shoes,2020/02/New-Autumn-and-Winter-Boots-Women-s-Outdoor-Classic-Sports-Fashion-Martin-Snow-Boots-Non-slip.jpg
227341,https://hikingprostore.com/product/2019-autumn-women-snow-boots-winter-outdoor-plush-sneakers-hiking-shoes-male-pu-leather-motorcycle-boots-anti-slip-martin-boots/,2019 Autumn Women Snow Boots Winter Outdoor Plush Sneakers Hiking Shoes Male PU Leather Motorcycle Boots Anti-slip Martin Boots,2020/02/2019-Autumn-Women-Snow-Boots-Winter-Outdoor-Plush-Sneakers-Hiking-Shoes-Male-PU-Leather-Motorcycle-Boots.jpg
227450,https://hikingprostore.com/product/hot-selling-southeast-asia-faux-leather-hiking-textile-candy-through-womens-shoes-spring-mom-shoes-shoes-womens-shoes/,Hot Selling Southeast Asia Faux Leather Hiking Textile Candy through WOMEN'S Shoes Spring Mom Shoes Shoes WOMEN'S Shoes,2020/02/Hot-Selling-Southeast-Asia-Faux-Leather-Hiking-Textile-Candy-through-WOMEN-S-Shoes-Spring-Mom-Shoes.jpg
227475,https://hikingprostore.com/product/odorola-mens-womens-snow-boots-warm-fur-winter-boots-waterproof-couples-mountain-climbing-hiking-boots-druable-trekking-shoes/,OdoRola Mens Women's Snow Boots Warm Fur Winter Boots Waterproof Couples Mountain Climbing Hiking Boots Druable Trekking Shoes,2020/02/OdoRola-Mens-Women-s-Snow-Boots-Warm-Fur-Winter-Boots-Waterproof-Couples-Mountain-Climbing-Hiking-Boots.jpg
227481,https://hikingprostore.com/product/womens-boots-ladies-winter-fringe-tassel-women-shoes-casual-cotton-suede-high-top-boots-warmer-hiking-snow-boots-botas-mujer/,Women's Boots Ladies Winter Fringe tassel Women Shoes Casual Cotton Suede High Top Boots Warmer Hiking Snow Boots botas mujer,2020/02/Women-s-Boots-Ladies-Winter-Fringe-tassel-Women-Shoes-Casual-Cotton-Suede-High-Top-Boots-Warmer.jpg
227519,https://hikingprostore.com/product/snow-boots-2019-womens-shoes-winter-flat-ankle-boots-female-non-slip-furry-warm-plush-sneakers-knitted-wool-mouth-casual-shoes/,Snow Boots 2019 Women's Shoes Winter Flat Ankle Boots Female Non-slip Furry Warm Plush Sneakers Knitted Wool Mouth Casual Shoes,2020/02/Snow-Boots-2019-Women-s-Shoes-Winter-Flat-Ankle-Boots-Female-Non-slip-Furry-Warm-Plush.jpg
227550,https://hikingprostore.com/product/qzyerai-the-new-2018-model-is-wearing-boots-fashionable-womens-shoes-black-womens-boots-european-sexy-leisure-hiking-boots/,QZYERAI The new 2018 model is wearing boots fashionable women's shoes black women's boots European sexy leisure hiking boots,2020/02/QZYERAI-The-new-2018-model-is-wearing-boots-fashionable-women-s-shoes-black-women-s-boots.jpg
227560,https://hikingprostore.com/product/2019-fashion-lovers-genuine-leather-outdoor-womens-hiking-shoes-trend-locomotive-workwear-short-boots-mens-shoes/,2019 Fashion Lovers Genuine Leather Outdoor Women's Hiking Shoes Trend Locomotive Workwear Short Boots MEN'S SHOES,2020/02/2019-Fashion-Lovers-Genuine-Leather-Outdoor-Women-s-Hiking-Shoes-Trend-Locomotive-Workwear-Short-Boots-MEN.jpg
227755,https://hikingprostore.com/product/womens-ladies-winter-fashion-crystal-casual-cotton-warm-fur-plush-insole-shoes-woman-short-boots-warmer-hiking-snow-boots-2/,Women's Ladies Winter Fashion Crystal Casual Cotton warm fur plush Insole shoes woman Short Boots Warmer Hiking Snow Boots,2020/02/Women-s-Ladies-Winter-Fashion-Crystal-Casual-Cotton-warm-fur-plush-Insole-shoes-woman-Short-Boots-6.jpg
227777,https://hikingprostore.com/product/2019-womens-casual-mesh-flat-shoes-fashion-breathable-hiking-female-white-black-sports-shoes-womens-wild-fitness-shoes/,2019 Women's Casual Mesh Flat Shoes Fashion Breathable Hiking Female White Black Sports Shoes Women's Wild Fitness Shoes,2020/02/2019-Women-s-Casual-Mesh-Flat-Shoes-Fashion-Breathable-Hiking-Female-White-Black-Sports-Shoes-Women.jpg
227790,https://hikingprostore.com/product/womens-winter-warm-boots-round-toe-snow-buckle-flat-bottomed-buckle-bare-warmer-hiking-plush-insole-snow-boots-casual-booties-4/,Women's Winter Warm Boots Round Toe Snow Buckle Flat-Bottomed Buckle Bare Warmer Hiking Plush Insole Snow Boots Casual Booties,2020/02/Women-s-Winter-Warm-Boots-Round-Toe-Snow-Buckle-Flat-Bottomed-Buckle-Bare-Warmer-Hiking-Plush.jpg
227795,https://hikingprostore.com/product/sneaker-comfortable-loafers-women-flats-2019-womens-mesh-breathable-hiking-shoes-outdoor-non-slip-hiking-climbing-shoes-smt/,Sneaker Comfortable Loafers Women Flats  2019 Women's Mesh Breathable Hiking Shoes Outdoor Non-Slip Hiking Climbing Shoes #smt,2020/02/Sneaker-Comfortable-Loafers-Women-Flats-2019-Women-s-Mesh-Breathable-Hiking-Shoes-Outdoor-Non-Slip-Hiking.jpg
227804,https://hikingprostore.com/product/snow-boots-winter-womens-cotton-shoes-light-snow-boots-thick-rocking-hiking-cotton-shoes-winter-ladies-shoes-square-heels/,Snow boots Winter Women's Cotton Shoes Light Snow Boots Thick Rocking Hiking Cotton Shoes winter Ladies Shoes square heels,2020/02/Snow-boots-Winter-Women-s-Cotton-Shoes-Light-Snow-Boots-Thick-Rocking-Hiking-Cotton-Shoes-winter.jpg
227883,https://hikingprostore.com/product/flat-shoes-womens-walking-shoes-outdoor-hiking-non-slip-shoes-sport-leisure-sneakers-women-shoes-casual-zapatos-de-mujer/,Flat Shoes Women's Walking Shoes Outdoor Hiking Non-Slip Shoes Sport Leisure Sneakers Women Shoes Casual Zapatos De Mujer,2020/02/Flat-Shoes-Women-s-Walking-Shoes-Outdoor-Hiking-Non-Slip-Shoes-Sport-Leisure-Sneakers-Women-Shoes.jpg
227950,https://hikingprostore.com/product/2019-hksz-balen-mens-womens-stretch-fabric-shoes-socks-flats-platform-breathable-air-cushion-hiking-leisure-causal-shoes/,2019 HKSZ-Balen Men's Women's Stretch Fabric Shoes Socks Flats Platform Breathable Air cushion Hiking Leisure causal Shoes,2020/02/2019-HKSZ-Balen-Men-s-Women-s-Stretch-Fabric-Shoes-Socks-Flats-Platform-Breathable-Air-cushion.jpg
228000,https://hikingprostore.com/product/womens-tassel-casual-boots-round-toe-rome-retro-fringe-short-ankle-boots-flat-shoes-woman-bohemian-warmer-hiking-snow-boots-5/,Women's tassel Casual Boots Round Toe Rome Retro Fringe Short Ankle Boots Flat Shoes woman Bohemian Warmer Hiking Snow Boots,2020/02/Women-s-tassel-Casual-Boots-Round-Toe-Rome-Retro-Fringe-Short-Ankle-Boots-Flat-Shoes-woman-22.jpg
228056,https://hikingprostore.com/product/qzyerai-new-real-leather-lady-martin-boots-winter-warmth-womens-shoes-hiking-boots-casual-shoes/,QZYERAI New real leather lady Martin boots winter warmth women's shoes hiking boots casual shoes,2020/02/QZYERAI-New-real-leather-lady-Martin-boots-winter-warmth-women-s-shoes-hiking-boots-casual-shoes.jpg
228119,https://hikingprostore.com/product/norberg-autumn-boots-womens-lace-martin-boots-winter-short-pointed-thick-high-heels-fashion-snow-boots-hiking-shoes/,NORBERG Autumn boots women's lace Martin boots winter short pointed thick high heels fashion snow boots hiking shoes,2020/02/NORBERG-Autumn-boots-women-s-lace-Martin-boots-winter-short-pointed-thick-high-heels-fashion-snow.jpg
228125,https://hikingprostore.com/product/2019-fashion-womens-canvas-shoes-breathable-thick-bottom-hiking-womens-shoes-new-ladies-spring-and-autumn-casual-sneakers/,2019 Fashion Women's Canvas Shoes Breathable Thick Bottom Hiking Women's Shoes New Ladies Spring and Autumn Casual Sneakers,2020/02/2019-Fashion-Women-s-Canvas-Shoes-Breathable-Thick-Bottom-Hiking-Women-s-Shoes-New-Ladies-Spring.jpg
228242,https://hikingprostore.com/product/snow-boots-womens-boots-hiking-bottom-foreign-trade-shoes-korean-version-of-martin-boots-winter-plus-cotton-womens-cotton-shoe/,Snow boots women's boots hiking bottom foreign trade shoes Korean version of Martin boots winter plus cotton women's cotton shoe,2020/02/Snow-boots-women-s-boots-hiking-bottom-foreign-trade-shoes-Korean-version-of-Martin-boots-winter.jpg
228284,https://hikingprostore.com/product/2019-summer-breathable-mens-hiking-shoes-leather-mesh-outdoor-womens-sports-shoes-hiking-shoes-mens-casual-walking-shoes/,2019 Summer Breathable Men's Hiking Shoes Leather + mesh Outdoor Women's Sports Shoes Hiking Shoes Men's Casual Walking Shoes,2020/02/2019-Summer-Breathable-Men-s-Hiking-Shoes-Leather-mesh-Outdoor-Women-s-Sports-Shoes-Hiking-Shoes.jpg
228364,https://hikingprostore.com/product/sarairis-new-outdoor-black-womens-high-top-climbing-booties-women-2020-beach-sand-prevention-hiking-shoes-woman-ankle-boots/,SARAIRIS New Outdoor Black Women's High Top Climbing Booties Women 2020 Beach Sand Prevention Hiking Shoes Woman Ankle Boots,2020/02/SARAIRIS-New-Outdoor-Black-Women-s-High-Top-Climbing-Booties-Women-2020-Beach-Sand-Prevention-Hiking.jpg
228400,https://hikingprostore.com/product/zvq-punk-womens-shoes-genuine-cow-leather-outdoor-hiking-shoes-cool-woman-winter-autumn-white-black-flat-platform-combat-boots/,ZVQ punk women's shoes genuine cow leather Outdoor hiking shoes cool woman winter autumn white black Flat platform combat boots,2020/02/ZVQ-punk-women-s-shoes-genuine-cow-leather-Outdoor-hiking-shoes-cool-woman-winter-autumn-white.jpg
228417,https://hikingprostore.com/product/mring-hiking-shoes-mens-waterproof-non-slip-autumn-and-winter-warm-hiking-shoes-womens-high-top-outdoor-shoes-sports-boots/,Mring hiking shoes men's waterproof non-slip autumn and winter warm hiking shoes women's high-top outdoor shoes sports boots,2020/02/Mring-hiking-shoes-men-s-waterproof-non-slip-autumn-and-winter-warm-hiking-shoes-women-s.jpg
228493,https://hikingprostore.com/product/womens-pu-leather-ankle-boots-womens-autumn-winter-cross-strap-retro-womens-punk-boots-flat-casual-shoes-women-botas-mujer/,Women's PU Leather Ankle Boots Women's Autumn Winter Cross Strap Retro Women's Punk Boots Flat Casual Shoes Women Botas Mujer,2020/02/Women-s-PU-Leather-Ankle-Boots-Women-s-Autumn-Winter-Cross-Strap-Retro-Women-s-Punk.jpg
228554,https://hikingprostore.com/product/2019-spring-new-style-womens-canvas-shoes-suede-korean-style-side-zipper-hiking-household-sports-footwear-womens/,2019 Spring New Style WOMEN'S Canvas Shoes Suede Korean-style Side Zipper Hiking Household Sports Footwear Women's,2020/02/2019-Spring-New-Style-WOMEN-S-Canvas-Shoes-Suede-Korean-style-Side-Zipper-Hiking-Household-Sports.jpg
228616,https://hikingprostore.com/product/fur-insole-waterproof-sport-sneakers-warm-thick-winter-womens-cotton-shoes-light-snow-boots-thick-rocking-hiking-cotton-shoes-2/,Fur Insole Waterproof Sport Sneakers Warm Thick Winter Women's Cotton Shoes Light Snow Boots Thick Rocking Hiking Cotton Shoes,2020/02/Fur-Insole-Waterproof-Sport-Sneakers-Warm-Thick-Winter-Women-s-Cotton-Shoes-Light-Snow-Boots-Thick-6.jpg
228645,https://hikingprostore.com/product/winter-shoes-womens-fashion-casual-breathable-crystal-bling-lace-up-sport-shoes-platform-sneakers-warmer-hiking-snow-boots-3/,Winter Shoes Women's Fashion Casual Breathable Crystal Bling Lace Up Sport Shoes Platform Sneakers Warmer Hiking Snow Boots,2020/02/Winter-Shoes-Women-s-Fashion-Casual-Breathable-Crystal-Bling-Lace-Up-Sport-Shoes-Platform-Sneakers-Warmer-12.jpg
228911,https://hikingprostore.com/product/leisure-comfort-mens-and-womens-shoes-breathable-lightweight-sequins-fashion-shoes-spring-summer-autumn-hiking-shoes/,"Leisure comfort, men's and women's shoes breathable, lightweight sequins, fashion shoes, spring, summer, autumn hiking shoes",2020/02/Leisure-comfort-men-s-and-women-s-shoes-breathable-lightweight-sequins-fashion-shoes-spring-summer-autumn.jpg
228949,https://hikingprostore.com/product/new-plus-velvet-high-top-womens-shoes-korean-students-with-wild-plus-cotton-outdoor-snow-boots-womens-tide-hiking-cotton-shoe/,New plus velvet high-top women's shoes Korean students with wild plus cotton outdoor snow boots women's tide hiking cotton shoe,2020/02/New-plus-velvet-high-top-women-s-shoes-Korean-students-with-wild-plus-cotton-outdoor-snow.jpg
229002,https://hikingprostore.com/product/leisure-flock-lace-up-flat-shoes-boots-womens-low-heeled-round-toe-shoes-waterproof-middle-tube-warmer-hiking-snow-rain-boots/,Leisure Flock Lace-Up Flat Shoes Boots Women's Low-Heeled Round Toe Shoes Waterproof Middle Tube Warmer Hiking Snow Rain Boots,2020/02/Leisure-Flock-Lace-Up-Flat-Shoes-Boots-Women-s-Low-Heeled-Round-Toe-Shoes-Waterproof-Middle.jpg
229043,https://hikingprostore.com/product/womens-leisure-winter-boots-solid-round-toe-zipper-square-med-heel-boots-shoes-woman-pu-leather-warmer-hiking-snow-boots/,Women's Leisure Winter Boots Solid Round Toe Zipper Square Med Heel Boots Shoes Woman PU Leather Warmer Hiking Snow Boots,2020/02/Women-s-Leisure-Winter-Boots-Solid-Round-Toe-Zipper-Square-Med-Heel-Boots-Shoes-Woman-PU.jpg
229114,https://hikingprostore.com/product/womens-casual-shallow-leather-boots-retro-vintage-lace-up-boots-side-zipper-round-toe-shoe-woman-flat-bottomed-hiking-snow-boot-2/,Women's Casual Shallow Leather Boots Retro Vintage Lace-up Boots Side Zipper Round Toe Shoe woman Flat-Bottomed Hiking Snow Boot,2020/02/Women-s-Casual-Shallow-Leather-Boots-Retro-Vintage-Lace-up-Boots-Side-Zipper-Round-Toe-Shoe-6.jpg
229121,https://hikingprostore.com/product/womens-casual-flat-leather-retro-lace-up-cross-strappy-boots-side-zipper-round-toe-shoe-warmer-hiking-snow-boots-botas-mujer-3/,Women's Casual Flat Leather Retro Lace-up Cross Strappy Boots Side Zipper Round Toe Shoe Warmer Hiking Snow Boots botas mujer,2020/02/Women-s-Casual-Flat-Leather-Retro-Lace-up-Cross-Strappy-Boots-Side-Zipper-Round-Toe-Shoe-8.jpg
229159,https://hikingprostore.com/product/womens-ladies-winter-waterproof-snow-boots-ankle-bootie-cotton-padded-warm-non-slip-shoes-woman-warmer-hiking-snow-boots-3/,Women's Ladies Winter waterproof Snow Boots Ankle Bootie Cotton Padded Warm Non-slip Shoes woman Warmer Hiking Snow Boots,2020/02/Women-s-Ladies-Winter-waterproof-Snow-Boots-Ankle-Bootie-Cotton-Padded-Warm-Non-slip-Shoes-woman-18.jpg
229208,https://hikingprostore.com/product/womens-fashion-warmer-hiking-snow-boots-round-toe-casual-retro-short-boots-ladies-elastic-band-bare-stretch-fabric-martin-boots/,Women's Fashion Warmer Hiking Snow Boots Round Toe Casual Retro Short Boots Ladies Elastic Band Bare Stretch Fabric Martin Boots,2020/02/Women-s-Fashion-Warmer-Hiking-Snow-Boots-Round-Toe-Casual-Retro-Short-Boots-Ladies-Elastic-Band.jpg
229232,https://hikingprostore.com/product/womens-short-boots-winter-platform-bootie-outdoor-flock-footwear-warm-shoes-boots-women-hiking-snow-boots-zapatos-de-mujer/,Women's Short Boots Winter Platform Bootie Outdoor Flock Footwear Warm Shoes boots women Hiking Snow Boots zapatos de mujer,2020/02/Women-s-Short-Boots-Winter-Platform-Bootie-Outdoor-Flock-Footwear-Warm-Shoes-boots-women-Hiking-Snow.jpg
229235,https://hikingprostore.com/product/womens-winter-warm-fur-plush-insole-shoes-woman-suede-non-slip-fur-bare-boots-bow-casual-short-tube-warmer-hiking-snow-booties-3/,Women's Winter warm fur plush Insole shoes woman Suede Non-Slip Fur Bare Boots Bow Casual Short Tube Warmer Hiking Snow Booties,2020/02/Women-s-Winter-warm-fur-plush-Insole-shoes-woman-Suede-Non-Slip-Fur-Bare-Boots-Bow-12.jpg
229365,https://hikingprostore.com/product/womens-fashion-flat-shoes-casual-thick-soled-lace-up-double-zipper-ladies-keep-warm-motorcycle-boots-winter-women-hiking-shoes-3/,Women's Fashion Flat Shoes Casual Thick-Soled Lace-Up Double Zipper Ladies Keep Warm Motorcycle Boots Winter Women Hiking Shoes,2020/02/Women-s-Fashion-Flat-Shoes-Casual-Thick-Soled-Lace-Up-Double-Zipper-Ladies-Keep-Warm-Motorcycle-6.jpg
229410,https://hikingprostore.com/product/women-platform-sneakers-2019-winter-plush-snow-boots-outdoor-non-slip-hiking-travel-shoes-warm-woman-ankle-boots-casual-shoes/,Women Platform Sneakers 2019 Winter Plush Snow Boots Outdoor Non-slip Hiking Travel Shoes Warm Woman Ankle Boots Casual Shoes,2020/02/Women-Platform-Sneakers-2019-Winter-Plush-Snow-Boots-Outdoor-Non-slip-Hiking-Travel-Shoes-Warm-Woman.jpg
229441,https://hikingprostore.com/product/sarairis-new-black-womens-climbing-booties-beach-sand-prevention-hiking-shoes-woman-outdoor-platform-ankle-boots-women-2020/,SARAIRIS New Black Women's Climbing Booties Beach Sand Prevention Hiking Shoes Woman Outdoor Platform Ankle Boots Women 2020,2020/02/SARAIRIS-New-Black-Women-s-Climbing-Booties-Beach-Sand-Prevention-Hiking-Shoes-Woman-Outdoor-Platform-Ankle.jpg
229514,https://hikingprostore.com/product/womens-snow-boots-winter-ankle-short-bootie-waterproof-footwear-warmer-hiking-plush-insole-snow-boots-woman-shoes-botas-mujer-3/,Women's Snow Boots Winter Ankle Short Bootie Waterproof Footwear Warmer Hiking Plush Insole Snow Boots Woman Shoes botas mujer,2020/02/Women-s-Snow-Boots-Winter-Ankle-Short-Bootie-Waterproof-Footwear-Warmer-Hiking-Plush-Insole-Snow-Boots-12.jpg
229554,https://hikingprostore.com/product/womens-fashion-flat-shoes-casual-thick-soled-lace-up-double-zipper-ladies-keep-warm-motorcycle-boots-winter-women-hiking-shoes-4/,Women's Fashion Flat Shoes Casual Thick-Soled Lace-Up Double Zipper Ladies Keep Warm Motorcycle Boots Winter Women Hiking Shoes,2020/02/Women-s-Fashion-Flat-Shoes-Casual-Thick-Soled-Lace-Up-Double-Zipper-Ladies-Keep-Warm-Motorcycle-12.jpg
229602,https://hikingprostore.com/product/womens-winter-keep-warm-plus-velvet-ankle-booties-thermal-villi-antiskid-high-top-warmer-hiking-snow-boots-chaussures-femme/,Women's Winter Keep Warm Plus Velvet Ankle Booties Thermal Villi Antiskid High Top Warmer Hiking Snow Boots chaussures femme,2020/02/Women-s-Winter-Keep-Warm-Plus-Velvet-Ankle-Booties-Thermal-Villi-Antiskid-High-Top-Warmer-Hiking.jpg
229606,https://hikingprostore.com/product/womens-high-top-plus-velvet-booties-warm-non-slip-flat-womens-hiking-vulcanized-shoes-winter-casual-sneakers-fashion-classic/,Women's High-top Plus Velvet Booties Warm Non-slip Flat Women's Hiking Vulcanized Shoes Winter Casual Sneakers Fashion Classic,2020/02/Women-s-High-top-Plus-Velvet-Booties-Warm-Non-slip-Flat-Women-s-Hiking-Vulcanized-Shoes.jpg
229680,https://hikingprostore.com/product/2020-winter-boots-womens-leisure-zipper-mixed-colors-flat-heels-large-size-high-warmer-hiking-snow-boots-stretch-fabric-shoes-2/,2020 Winter Boots Women's Leisure Zipper Mixed Colors Flat Heels Large Size High Warmer Hiking Snow Boots Stretch Fabric Shoes,2020/02/2020-Winter-Boots-Women-s-Leisure-Zipper-Mixed-Colors-Flat-Heels-Large-Size-High-Warmer-Hiking-5.jpg
229729,https://hikingprostore.com/product/womens-short-boots-autumn-winter-platform-bootie-suede-zipper-outdoor-flock-footwear-warmer-hiking-snow-boots-shoes-botas-mujer-3/,Women's Short Boots Autumn Winter Platform Bootie Suede Zipper Outdoor Flock Footwear Warmer Hiking Snow Boots Shoes botas mujer,2020/02/Women-s-Short-Boots-Autumn-Winter-Platform-Bootie-Suede-Zipper-Outdoor-Flock-Footwear-Warmer-Hiking-Snow-12.jpg
229888,https://hikingprostore.com/product/summer-fashion-womens-high-heel-fish-mouth-shoes-ladies-velvet-high-heel-womens-boots-party-wedding-banquet-ladies-ankle-boots/,Summer Fashion Women's High Heel Fish Mouth Shoes Ladies Velvet High Heel Women's Boots Party Wedding Banquet Ladies Ankle Boots,2020/02/Summer-Fashion-Women-s-High-Heel-Fish-Mouth-Shoes-Ladies-Velvet-High-Heel-Women-s-Boots.jpg
297139,https://hikingprostore.com/product/camel-women-outdoor-hiking-shoes-leather-anti-skid-shock-breathable-female-camping-trekking-hiking-sneakers/,CAMEL Women Outdoor Hiking Shoes Leather Anti-skid Shock Breathable Female Camping Trekking Hiking Sneakers,2020/02/CAMEL-Women-Outdoor-Hiking-Shoes-Leather-Anti-skid-Shock-Breathable-Female-Camping-Trekking-Hiking-Sneakers.jpg
297155,https://hikingprostore.com/product/manli-outdoor-men-women-hiking-shoes-sneakers-unisex-air-mesh-sports-climbing-trekking-shoes-men-training-footwear-zapatillas/,MANLI Outdoor Men Women Hiking Shoes Sneakers Unisex Air Mesh Sports  Climbing Trekking Shoes Men Training Footwear Zapatillas,2020/02/MANLI-Outdoor-Men-Women-Hiking-Shoes-Sneakers-Unisex-Air-Mesh-Sports-Climbing-Trekking-Shoes-Men-Training.jpg
297157,https://hikingprostore.com/product/women-outdoor-waterproof-hiking-shoes-travel-shoes-non-slip-breathable-sneakers-shoes-leisure-height-air-cushion-hiking-shoes/,Women Outdoor Waterproof Hiking Shoes Travel Shoes Non-slip Breathable Sneakers Shoes Leisure Height Air Cushion Hiking Shoes,2020/02/Women-Outdoor-Waterproof-Hiking-Shoes-Travel-Shoes-Non-slip-Breathable-Sneakers-Shoes-Leisure-Height-Air-Cushion.jpg
297162,https://hikingprostore.com/product/hiking-shoes-women-winter-thicken-non-slip-outdoor-climbing-shoes-woman-plush-warm-mountain-trekking-hiking-boots-footwear-d25/,Hiking Shoes Women Winter Thicken Non-slip Outdoor Climbing Shoes Woman Plush Warm Mountain Trekking Hiking Boots Footwear D25,2020/02/Hiking-Shoes-Women-Winter-Thicken-Non-slip-Outdoor-Climbing-Shoes-Woman-Plush-Warm-Mountain-Trekking-Hiking.jpg
297165,https://hikingprostore.com/product/new-womens-warm-winter-boots-high-top-female-mountain-hiking-shoes-outdoor-camping-snow-boots-with-fur-plush-insole-trekking/,New Women's Warm Winter Boots High Top Female Mountain Hiking Shoes Outdoor Camping Snow Boots with Fur Plush Insole Trekking,2020/02/New-Women-s-Warm-Winter-Boots-High-Top-Female-Mountain-Hiking-Shoes-Outdoor-Camping-Snow-Boots.jpg
297301,https://hikingprostore.com/product/eu36-45-outdoor-ultralight-hiking-shoes-1000d-nylon-anti-wear-waterproof-men-women-tactical-military-training-hunting-boots/,Eu36-45 Outdoor Ultralight Hiking Shoes 1000D Nylon Anti-wear Waterproof Men Women Tactical Military Training Hunting Boots,2020/02/Eu36-45-Outdoor-Ultralight-Hiking-Shoes-1000D-Nylon-Anti-wear-Waterproof-Men-Women-Tactical-Military-Training.jpg
297432,https://hikingprostore.com/product/zxqyh-summer-women-hiking-sneakers-healthy-walking-shoes-outdoor-mesh-anti-slip-sport-shoes-comfortable-camping-light-lady-shoes/,ZXQYH Summer Women Hiking Sneakers Healthy Walking Shoes Outdoor Mesh Anti-slip Sport Shoes Comfortable Camping Light Lady Shoes,2020/02/ZXQYH-Summer-Women-Hiking-Sneakers-Healthy-Walking-Shoes-Outdoor-Mesh-Anti-slip-Sport-Shoes-Comfortable-Camping.jpg
297521,https://hikingprostore.com/product/new-unisex-sneakers-women-men-breathable-shoes-outdoor-hiking-shoes-waterproof-tactical-climbing-shoes/,New Unisex Sneakers Women Men Breathable Shoes Outdoor Hiking Shoes Waterproof Tactical Climbing Shoes,2020/02/New-Unisex-Sneakers-Women-Men-Breathable-Shoes-Outdoor-Hiking-Shoes-Waterproof-Tactical-Climbing-Shoes.jpg
297611,https://hikingprostore.com/product/fires-winter-new-women-hiking-bootshoes-girl-autumn-style-cool-breathable-outdoor-climbing-shoes-hiking-camping-shoes/,Fires Winter New Women hiking Bootshoes Girl Autumn style Cool Breathable outdoor climbing shoes hiking camping shoes,2020/02/Fires-Winter-New-Women-hiking-Boot-shoes-Girl-Autumn-style-Cool-Breathable-outdoor-climbing-shoes-hiking.jpg
297627,https://hikingprostore.com/product/new-women-hiking-shoes-outdoor-breathable-anti-skid-wear-resistant-lace-up-sneakers-male-camping-climbing-trekking-sports-shoes/,New Women Hiking shoes Outdoor Breathable anti-skid Wear resistant lace-up sneakers Male camping climbing trekking sports shoes,2020/02/New-Women-Hiking-shoes-Outdoor-Breathable-anti-skid-Wear-resistant-lace-up-sneakers-Male-camping-climbing.jpg
297792,https://hikingprostore.com/product/fznyl-men-women-hiking-shoes-lace-up-male-sport-shoes-outdoor-work-safety-shoes-trekking-sneakers-36-44/,FZNYL Men Women Hiking Shoes Lace Up Male Sport Shoes Outdoor Work Safety Shoes Trekking Sneakers 36-44,2020/02/FZNYL-Men-Women-Hiking-Shoes-Lace-Up-Male-Sport-Shoes-Outdoor-Work-Safety-Shoes-Trekking-Sneakers.jpg
297829,https://hikingprostore.com/product/camel-men-women-hiking-shoes-cow-leather-upper-2019-autumn-durable-anti-slip-warm-outdoor-mountain-climbing-trekking-shoes/,CAMEL Men Women Hiking Shoes Cow Leather Upper 2019 Autumn Durable Anti-Slip Warm Outdoor Mountain Climbing Trekking Shoes,2020/02/CAMEL-Men-Women-Hiking-Shoes-Cow-Leather-Upper-2019-Autumn-Durable-Anti-Slip-Warm-Outdoor-Mountain.jpg
297844,https://hikingprostore.com/product/2019-outdoor-hiking-shoes-trekking-men-and-women-protective-shoes-against-smashing-and-puncture-steel-toe-shoes-work-safty-shoes/,2019 Outdoor Hiking Shoes Trekking Men And Women Protective Shoes Against Smashing And Puncture Steel Toe Shoes Work Safty Shoes,2020/02/2019-Outdoor-Hiking-Shoes-Trekking-Men-And-Women-Protective-Shoes-Against-Smashing-And-Puncture-Steel-Toe.jpg
297875,https://hikingprostore.com/product/outdoor-militar-tactical-men-women-light-mesh-breathable-non-slip-non-slip-rubber-hiking-camping-trekking-fishing-training-shoes/,Outdoor Militar Tactical Men Women Light Mesh Breathable Non Slip Non-slip Rubber Hiking Camping Trekking Fishing Training Shoes,2020/02/Outdoor-Militar-Tactical-Men-Women-Light-Mesh-Breathable-Non-Slip-Non-slip-Rubber-Hiking-Camping-Trekking.jpg
297880,https://hikingprostore.com/product/fires-women-hiking-sneakers-summer-mesh-sport-shoes-unisex-rubber-soles-non-slip-climbong-shoes-couple-outdoor-walking-sneaker/,Fires Women Hiking Sneakers Summer Mesh Sport Shoes Unisex Rubber Soles Non-slip Climbong Shoes Couple Outdoor Walking Sneaker,2020/02/Fires-Women-Hiking-Sneakers-Summer-Mesh-Sport-Shoes-Unisex-Rubber-Soles-Non-slip-Climbong-Shoes-Couple.jpg
297953,https://hikingprostore.com/product/zhjlut-men-women-hiking-shoes-sports-waterproof-winter-men-shoes-breathable-climbing-outdoor-trekking-shoes-men-athletic-shoes/,ZHJLUT Men Women Hiking Shoes Sports Waterproof Winter Men Shoes Breathable Climbing Outdoor Trekking Shoes Men Athletic Shoes,2020/02/ZHJLUT-Men-Women-Hiking-Shoes-Sports-Waterproof-Winter-Men-Shoes-Breathable-Climbing-Outdoor-Trekking-Shoes-Men.jpg
298076,https://hikingprostore.com/product/camel-women-outdoor-hiking-shoes-comfortable-breathable-shock-absorption-lace-up-camping-trekking-shoes/,CAMEL Women Outdoor Hiking Shoes Comfortable Breathable Shock Absorption Lace-up Camping Trekking Shoes,2020/02/CAMEL-Women-Outdoor-Hiking-Shoes-Comfortable-Breathable-Shock-Absorption-Lace-up-Camping-Trekking-Shoes.jpg
298096,https://hikingprostore.com/product/big-size-36-47-men-shoes-male-outdoor-antiskid-trekking-hunting-tourism-mountain-women-sneaker-macho-walking-couple-hiking-shoes/,Big Size 36-47 Men Shoes Male Outdoor Antiskid Trekking Hunting Tourism Mountain Women Sneaker Macho Walking Couple hiking shoes,2020/02/Big-Size-36-47-Men-Shoes-Male-Outdoor-Antiskid-Trekking-Hunting-Tourism-Mountain-Women-Sneaker-Macho.jpg
298210,https://hikingprostore.com/product/2019-women-steel-toe-cap-sneakers-safety-shoes-female-mountain-breathable-outdoor-hiking-boots-puncture-proof-protect-footwear/,2019 Women Steel Toe Cap Sneakers Safety Shoes Female Mountain Breathable Outdoor Hiking Boots Puncture Proof Protect Footwear,2020/02/2019-Women-Steel-Toe-Cap-Sneakers-Safety-Shoes-Female-Mountain-Breathable-Outdoor-Hiking-Boots-Puncture-Proof.jpg
298351,https://hikingprostore.com/product/big-size-unisex-women-mens-hiking-shoes-outdoor-boots-lovers-camping-boots-rubber-mesh-mountain-climbing-sneakers-hb-13/,Big size Unisex Women / Mens Hiking Shoes Outdoor Boots lovers Camping Boots Rubber mesh Mountain Climbing Sneakers HB-13,2020/02/Big-size-Unisex-Women-Mens-Hiking-Shoes-Outdoor-Boots-lovers-Camping-Boots-Rubber-mesh-Mountain-Climbing.jpg
298417,https://hikingprostore.com/product/new-arrival-summer-hiking-shoes-women-lace-up-outdoor-sneakers-brand-climbing-boots-breathable-mesh-sport-light-hunting-mountain/,New Arrival Summer Hiking Shoes Women Lace-up Outdoor Sneakers Brand Climbing Boots Breathable Mesh Sport Light Hunting Mountain,2020/02/New-Arrival-Summer-Hiking-Shoes-Women-Lace-up-Outdoor-Sneakers-Brand-Climbing-Boots-Breathable-Mesh-Sport.jpg
298425,https://hikingprostore.com/product/women-hiking-shoes-waterproof-tactical-boots-outdoor-climbing-sneaker-winter-warm-trekking-shoe-plus-velvet-outdoor-shoes/,Women Hiking Shoes Waterproof Tactical Boots Outdoor Climbing Sneaker Winter Warm Trekking shoe  Plus velvet Outdoor Shoes,2020/02/Women-Hiking-Shoes-Waterproof-Tactical-Boots-Outdoor-Climbing-Sneaker-Winter-Warm-Trekking-shoe-Plus-velvet-Outdoor.jpg
298508,https://hikingprostore.com/product/big-size-women-leather-winter-ankle-boots-waterproof-keep-warm-hiking-shoes-wear-resistant-mountain-climbing-plush-boot-woman/,Big Size Women Leather Winter Ankle Boots Waterproof Keep Warm Hiking Shoes Wear Resistant Mountain Climbing Plush Boot Woman,2020/02/Big-Size-Women-Leather-Winter-Ankle-Boots-Waterproof-Keep-Warm-Hiking-Shoes-Wear-Resistant-Mountain-Climbing.jpg
298666,https://hikingprostore.com/product/yrrfuot-mens-walking-shoes-winter-keep-warm-women-hiking-shoes-outdoor-non-slip-sneakers-for-men-high-quality-zapatos-hombre/,YRRFUOT Men's Walking Shoes Winter Keep Warm Women Hiking Shoes Outdoor Non-slip Sneakers for Men High Quality   Zapatos Hombre,2020/02/YRRFUOT-Men-s-Walking-Shoes-Winter-Keep-Warm-Women-Hiking-Shoes-Outdoor-Non-slip-Sneakers-for.jpg
298708,https://hikingprostore.com/product/women-hiking-shoes-outdoore-flats-breathable-elder-healthy-walking-shoes-stability-mother-shoes-trecking-camping-hunting-shoes/,Women Hiking Shoes Outdoore Flats Breathable Elder Healthy Walking Shoes Stability Mother Shoes Trecking Camping Hunting Shoes,2020/02/Women-Hiking-Shoes-Outdoore-Flats-Breathable-Elder-Healthy-Walking-Shoes-Stability-Mother-Shoes-Trecking-Camping-Hunting.jpg
298715,https://hikingprostore.com/product/winter-hiking-shoes-for-women-fur-warm-non-slip-outdoor-hiking-boots-trekking-shoes-waterproof-sneakers-camping-sports-shoes/,Winter Hiking Shoes for Women Fur Warm Non-Slip Outdoor Hiking Boots Trekking Shoes Waterproof Sneakers Camping Sports Shoes,2020/02/Winter-Hiking-Shoes-for-Women-Fur-Warm-Non-Slip-Outdoor-Hiking-Boots-Trekking-Shoes-Waterproof-Sneakers.jpg
298799,https://hikingprostore.com/product/men-women-outdoor-sports-hiking-shoes-breathable-mountain-climbing-footwear-trekking-boots-plus-size-classic-couple-sneakers/,Men Women Outdoor Sports Hiking Shoes Breathable Mountain Climbing Footwear Trekking Boots Plus Size Classic Couple Sneakers,2020/02/Men-Women-Outdoor-Sports-Hiking-Shoes-Breathable-Mountain-Climbing-Footwear-Trekking-Boots-Plus-Size-Classic-Couple.jpg
298912,https://hikingprostore.com/product/women-warm-winter-boots-high-top-female-mountain-hiking-shoes-outdoor-camping-snow-boots-with-fur-plush-insole-trekking-shoes/,Women Warm Winter Boots High Top Female Mountain Hiking Shoes Outdoor Camping Snow Boots with Fur Plush Insole Trekking Shoes,2020/02/Women-Warm-Winter-Boots-High-Top-Female-Mountain-Hiking-Shoes-Outdoor-Camping-Snow-Boots-with-Fur.jpg
298919,https://hikingprostore.com/product/rax-womens-waterproof-hiking-shoes-outdoor-sports-shoes-walking-cycling-trail-outventure-mountaineering-shoes-for-women/,Rax Women's Waterproof Hiking Shoes Outdoor Sports Shoes Walking Cycling Trail Outventure Mountaineering Shoes for Women,2020/02/Rax-Women-s-Waterproof-Hiking-Shoes-Outdoor-Sports-Shoes-Walking-Cycling-Trail-Outventure-Mountaineering-Shoes-for.jpg
298926,https://hikingprostore.com/product/autumn-winter-suede-hiking-shoes-men-women-high-quality-climbing-shoes-warmth-high-top-mountain-trekking-antiskid-sneakers-36-45/,Autumn Winter Suede Hiking Shoes Men Women High Quality Climbing Shoes Warmth High Top Mountain Trekking Antiskid Sneakers 36-45,2020/02/Autumn-Winter-Suede-Hiking-Shoes-Men-Women-High-Quality-Climbing-Shoes-Warmth-High-Top-Mountain-Trekking.jpg
298962,https://hikingprostore.com/product/women-trekking-hiking-shoes-damping-height-increasing-air-cushion-sneakers-for-women-light-climbing-sports-tourism-outdoor-shoes/,Women Trekking Hiking Shoes Damping Height Increasing Air Cushion Sneakers For Women Light Climbing Sports Tourism Outdoor Shoes,2020/02/Women-Trekking-Hiking-Shoes-Damping-Height-Increasing-Air-Cushion-Sneakers-For-Women-Light-Climbing-Sports-Tourism.jpg
299025,https://hikingprostore.com/product/summer-mesh-breathable-blue-training-military-shoes-men-women-outdoor-trekking-climbing-sports-hiking-shoes-ultralight-sneakers/,Summer Mesh Breathable Blue Training Military Shoes Men Women Outdoor Trekking Climbing Sports Hiking Shoes Ultralight Sneakers,2020/02/Summer-Mesh-Breathable-Blue-Training-Military-Shoes-Men-Women-Outdoor-Trekking-Climbing-Sports-Hiking-Shoes-Ultralight.jpg
299121,https://hikingprostore.com/product/woman-boots-with-fur-2018-warm-snow-boots-women-waterproof-hiking-boots-mountain-climbing-camping-shoes-outdoor-trekking-shoes/,Woman Boots With Fur 2018 Warm Snow Boots Women Waterproof Hiking Boots Mountain Climbing Camping Shoes Outdoor Trekking Shoes,2020/02/Woman-Boots-With-Fur-2018-Warm-Snow-Boots-Women-Waterproof-Hiking-Boots-Mountain-Climbing-Camping-Shoes.jpg
299147,https://hikingprostore.com/product/qianda-summer-women-hiking-shoes-quick-dry-water-sport-outdoor-shoe-breathable-meshsuede-cushioning-woman-sneakers/,QIANDA Summer Women Hiking Shoes Quick-dry Water Sport Outdoor Shoe Breathable Mesh+Suede Cushioning Woman Sneakers,2020/02/QIANDA-Summer-Women-Hiking-Shoes-Quick-dry-Water-Sport-Outdoor-Shoe-Breathable-Mesh-Suede-Cushioning-Woman.jpg
299155,https://hikingprostore.com/product/outdoor-indestructible-men-women-climbing-boots-steel-toe-work-safety-shoes-puncture-proof-hiking-sneakers-botas-tacticas-hombre/,Outdoor Indestructible Men Women climbing Boots Steel Toe Work Safety Shoes Puncture-proof hiking Sneakers botas tacticas hombre,2020/02/Outdoor-Indestructible-Men-Women-climbing-Boots-Steel-Toe-Work-Safety-Shoes-Puncture-proof-hiking-Sneakers-botas.jpg
299157,https://hikingprostore.com/product/new-arrival-classics-style-men-women-hiking-shoes-lace-up-men-sport-shoes-outdoor-jogging-trekking-sneakers-fast-free-shipping/,New Arrival Classics Style Men Women Hiking Shoes Lace Up Men Sport Shoes Outdoor Jogging Trekking Sneakers Fast Free Shipping,2020/02/New-Arrival-Classics-Style-Men-Women-Hiking-Shoes-Lace-Up-Men-Sport-Shoes-Outdoor-Jogging-Trekking.jpg
299195,https://hikingprostore.com/product/women-shoes-hiking-women-boots-female-pvc-waterproof-shoes-boots-winter-keep-warm-fur-women-snow-shoes-winter-mujer-dropship/,Women Shoes Hiking Women Boots Female PVC Waterproof Shoes Boots Winter Keep Warm Fur Women Snow Shoes Winter Mujer Dropship,2020/02/Women-Shoes-Hiking-Women-Boots-Female-PVC-Waterproof-Shoes-Boots-Winter-Keep-Warm-Fur-Women-Snow.jpg
299381,https://hikingprostore.com/product/autumn-spring-women-desert-boot-lace-up-round-toe-women-motorcycle-boots-scrub-single-shoes-martin-boots-hiking-shoes-sneakers/,Autumn Spring Women Desert Boot Lace Up Round Toe Women Motorcycle Boots Scrub Single Shoes Martin Boots Hiking Shoes Sneakers,2020/02/Autumn-Spring-Women-Desert-Boot-Lace-Up-Round-Toe-Women-Motorcycle-Boots-Scrub-Single-Shoes-Martin.jpg
299443,https://hikingprostore.com/product/camouflage-sports-sneakers-men-women-liberation-hiking-shoes-fashion-military-training-shoes-summer-camp-training-work-shoes/,Camouflage Sports Sneakers Men Women Liberation Hiking Shoes Fashion Military Training Shoes Summer Camp Training Work Shoes,2020/02/Camouflage-Sports-Sneakers-Men-Women-Liberation-Hiking-Shoes-Fashion-Military-Training-Shoes-Summer-Camp-Training-Work.jpg
299511,https://hikingprostore.com/product/winter-hiking-shoes-men-women-shoes-wear-resisting-climbing-mountain-shoes-leather-sport-sneakers-trekking-boot/,Winter Hiking Shoes Men Women  shoes Wear-resisting Climbing Mountain Shoes Leather Sport Sneakers Trekking Boot,2020/02/Winter-Hiking-Shoes-Men-Women-shoes-Wear-resisting-Climbing-Mountain-Shoes-Leather-Sport-Sneakers-Trekking-Boot.jpg
299556,https://hikingprostore.com/product/camel-women-hiking-shoes-suede-leather-upper-professional-anti-slip-durable-breathable-soft-outdoor-climbing-trekking-shoes/,CAMEL Women Hiking Shoes Suede Leather Upper Professional Anti-Slip Durable Breathable Soft Outdoor Climbing Trekking Shoes,2020/02/CAMEL-Women-Hiking-Shoes-Suede-Leather-Upper-Professional-Anti-Slip-Durable-Breathable-Soft-Outdoor-Climbing-Trekking.jpg
299561,https://hikingprostore.com/product/2019-new-outdoor-hiking-sneakers-shoes-autumn-women-waterproof-climbing-sneakers-mens-comfortable-unisex-travel-camping-shoes/,2019 New Outdoor Hiking Sneakers Shoes Autumn Women Waterproof Climbing Sneakers Mens Comfortable Unisex Travel Camping Shoes,2020/02/2019-New-Outdoor-Hiking-Sneakers-Shoes-Autumn-Women-Waterproof-Climbing-Sneakers-Mens-Comfortable-Unisex-Travel-Camping.jpg
299614,https://hikingprostore.com/product/35-42-size-fur-women-boots-winter-warm-fur-2019-snow-mother-winter-work-sports-shoes-sneakers-high-top-rubber-ankle-hiking-shoes/,35-42 Size Fur Women Boots Winter Warm Fur 2019 Snow Mother Winter Work Sports Shoes Sneakers High Top Rubber Ankle Hiking Shoes,2020/02/35-42-Size-Fur-Women-Boots-Winter-Warm-Fur-2019-Snow-Mother-Winter-Work-Sports-Shoes.jpg
299723,https://hikingprostore.com/product/2019-new-winter-men-outdoor-sport-shoes-anti-slip-sport-shoes-men-cotton-lining-hiking-shoes-for-men-warm-trekking-shoes-women/,2019 new winter men outdoor sport shoes anti slip sport shoes men cotton lining hiking shoes for men warm trekking shoes women,2020/02/2019-new-winter-men-outdoor-sport-shoes-anti-slip-sport-shoes-men-cotton-lining-hiking-shoes.jpg
299762,https://hikingprostore.com/product/2019-winter-outdoor-women-snow-boots-non-slip-mountain-shoes-comfortable-female-platform-sneakers-warm-plush-hiking-boots/,2019 Winter Outdoor Women Snow Boots Non-slip Mountain Shoes Comfortable Female Platform Sneakers Warm Plush Hiking Boots,2020/02/2019-Winter-Outdoor-Women-Snow-Boots-Non-slip-Mountain-Shoes-Comfortable-Female-Platform-Sneakers-Warm-Plush.jpg
299776,https://hikingprostore.com/product/saguaro-2019-summer-outdoor-anti-slip-hiking-shoes-men-women-breathable-mesh-trekking-shoes-sports-sneakers-walking-aqua-shoes/,SAGUARO 2019 Summer Outdoor Anti-slip Hiking Shoes Men Women Breathable Mesh Trekking Shoes Sports Sneakers Walking Aqua Shoes,2020/02/SAGUARO-2019-Summer-Outdoor-Anti-slip-Hiking-Shoes-Men-Women-Breathable-Mesh-Trekking-Shoes-Sports-Sneakers.jpg
299855,https://hikingprostore.com/product/winter-women-snow-boots-waterproof-leather-cotton-trekking-climbing-hiking-outdoor-cashmere-keep-warm-hiking-shoes-outdoor-sneak/,Winter Women Snow Boots Waterproof Leather Cotton Trekking Climbing Hiking Outdoor Cashmere Keep Warm Hiking Shoes Outdoor Sneak,2020/02/Winter-Women-Snow-Boots-Waterproof-Leather-Cotton-Trekking-Climbing-Hiking-Outdoor-Cashmere-Keep-Warm-Hiking-Shoes.jpg
299886,https://hikingprostore.com/product/waterproof-trekking-hiking-shoes-woman-height-increase-ladies-walking-boots-anti-slip-hiking-shoes-winter-outdoor-shoes-women/,Waterproof Trekking Hiking Shoes Woman Height Increase Ladies Walking Boots Anti-Slip Hiking Shoes Winter Outdoor Shoes Women,2020/02/Waterproof-Trekking-Hiking-Shoes-Woman-Height-Increase-Ladies-Walking-Boots-Anti-Slip-Hiking-Shoes-Winter-Outdoor.jpg
299961,https://hikingprostore.com/product/women-winter-ankle-boots-waterproof-hiking-boots-keep-warm-leather-shoes-female-outdoor-trekking-boots-woman-big-size-35-42-shoe-2/,Women Winter Ankle Boots Waterproof Hiking Boots Keep Warm Leather Shoes Female Outdoor Trekking Boots Woman Big Size 35-42 Shoe,2020/02/Women-Winter-Ankle-Boots-Waterproof-Hiking-Boots-Keep-Warm-Leather-Shoes-Female-Outdoor-Trekking-Boots-Woman.jpg
300001,https://hikingprostore.com/product/new-arrival-winter-hiking-shoes-quality-plush-warm-men-women-trekking-shoes-authentic-antiskid-waterproof-sneakers/,New arrival winter hiking shoes quality plush warm men women trekking shoes authentic antiskid waterproof sneakers,2020/02/New-arrival-winter-hiking-shoes-quality-plush-warm-men-women-trekking-shoes-authentic-antiskid-waterproof-sneakers.jpg
300121,https://hikingprostore.com/product/hemmyi-2019-autumn-winter-high-top-shoes-for-the-elderly-outdoor-hiking-shoes-for-the-elderly-unisex-men-and-women-ankle-boots/,Hemmyi 2019 Autumn Winter High-top Shoes for The Elderly Outdoor Hiking Shoes for The Elderly Unisex Men and Women Ankle Boots,2020/02/Hemmyi-2019-Autumn-Winter-High-top-Shoes-for-The-Elderly-Outdoor-Hiking-Shoes-for-The-Elderly.jpg
300184,https://hikingprostore.com/product/unisex-outdoor-hiking-shoes-men-waterproof-work-adventure-training-trekking-shoes-women-anti-slippery-wild-sports-climbing-shoes/,Unisex Outdoor Hiking Shoes Men Waterproof Work Adventure Training Trekking Shoes Women Anti-Slippery Wild Sports Climbing Shoes,2020/02/Unisex-Outdoor-Hiking-Shoes-Men-Waterproof-Work-Adventure-Training-Trekking-Shoes-Women-Anti-Slippery-Wild-Sports.jpg
300197,https://hikingprostore.com/product/waterproof-women-snow-boots-men-winter-boots-outdoor-tourism-mountain-shoes-wimen-new-couple-hiking-boots-plus-size/,Waterproof Women Snow Boots Men Winter Boots Outdoor Tourism Mountain Shoes Wimen New Couple Hiking Boots Plus Size,2020/02/Waterproof-Women-Snow-Boots-Men-Winter-Boots-Outdoor-Tourism-Mountain-Shoes-Wimen-New-Couple-Hiking-Boots.jpg
300203,https://hikingprostore.com/product/2019-women-sneakers-suedemesh-womens-hiking-shoes-outdoor-trekking-shoes-female-breathable-sports-climbing-shoes-calzado-mujer/,2019 Women Sneakers Suede+mesh Womens Hiking Shoes Outdoor Trekking Shoes Female Breathable Sports Climbing Shoes Calzado Mujer,2020/02/2019-Women-Sneakers-Suede-mesh-Womens-Hiking-Shoes-Outdoor-Trekking-Shoes-Female-Breathable-Sports-Climbing-Shoes.jpg
300240,https://hikingprostore.com/product/2019-autumn-women-outdoor-waterproof-hiking-shoes-platform-travel-shoes-breathable-sneakers-trekking-female-climbing-shoes/,2019 Autumn Women Outdoor Waterproof Hiking Shoes Platform Travel Shoes Breathable Sneakers Trekking Female Climbing Shoes,2020/02/2019-Autumn-Women-Outdoor-Waterproof-Hiking-Shoes-Platform-Travel-Shoes-Breathable-Sneakers-Trekking-Female-Climbing-Shoes.jpg
300275,https://hikingprostore.com/product/men-women-outdoor-winter-snow-boots-plus-velvet-waterproof-thicken-thermal-ultralight-boots-climbing-hiking-skiing-sports-shoes/,Men Women Outdoor Winter Snow Boots Plus Velvet Waterproof Thicken Thermal Ultralight Boots Climbing Hiking Skiing Sports Shoes,2020/02/Men-Women-Outdoor-Winter-Snow-Boots-Plus-Velvet-Waterproof-Thicken-Thermal-Ultralight-Boots-Climbing-Hiking-Skiing.jpg
300501,https://hikingprostore.com/product/men-hiking-shoes-non-slip-wear-resistant-climbing-shoes-winter-outdoor-walking-travel-comfortable-women-outdoor-climbing-sneaker/,Men Hiking Shoes Non-slip Wear-resistant Climbing Shoes Winter Outdoor Walking Travel Comfortable Women Outdoor Climbing Sneaker,2020/02/Men-Hiking-Shoes-Non-slip-Wear-resistant-Climbing-Shoes-Winter-Outdoor-Walking-Travel-Comfortable-Women-Outdoor.jpg
300507,https://hikingprostore.com/product/men-hiking-shoes-waterproof-leather-shoes-climbing-trekking-sneakers-women-work-safety-shoe-man-steel-toe-cap-plus-size-36-46/,Men Hiking Shoes Waterproof Leather Shoes Climbing Trekking Sneakers Women Work Safety Shoe Man Steel Toe Cap Plus Size 36-46,2020/02/Men-Hiking-Shoes-Waterproof-Leather-Shoes-Climbing-Trekking-Sneakers-Women-Work-Safety-Shoe-Man-Steel-Toe.jpg
300510,https://hikingprostore.com/product/non-slip-men-hiking-shoes-woman-climbing-mountain-wear-resistant-amphibious-shoes-outdoor-sport-sneakers-quick-dry-shoes/,Non-Slip Men Hiking Shoes Woman Climbing Mountain Wear-Resistant Amphibious Shoes Outdoor Sport Sneakers Quick Dry Shoes,2020/02/Non-Slip-Men-Hiking-Shoes-Woman-Climbing-Mountain-Wear-Resistant-Amphibious-Shoes-Outdoor-Sport-Sneakers-Quick.jpg
300515,https://hikingprostore.com/product/waterproof-2019-winter-boots-men-outdoor-hiking-shoes-trekking-mountain-ski-shoes-women-ankle-boots-warm-plush-snow-boots/,Waterproof 2019 Winter Boots Men Outdoor Hiking Shoes Trekking Mountain Ski Shoes Women Ankle Boots Warm Plush Snow Boots,2020/02/Waterproof-2019-Winter-Boots-Men-Outdoor-Hiking-Shoes-Trekking-Mountain-Ski-Shoes-Women-Ankle-Boots-Warm.jpg
300517,https://hikingprostore.com/product/hiking-shoes-women-autumn-winter-fur-warm-outdoor-ladies-hiking-boots-trekking-shoes-black-women-camping-sports-shoes-big-size/,Hiking Shoes Women Autumn Winter Fur Warm Outdoor Ladies Hiking Boots Trekking Shoes Black Women Camping Sports Shoes Big Size,2020/02/Hiking-Shoes-Women-Autumn-Winter-Fur-Warm-Outdoor-Ladies-Hiking-Boots-Trekking-Shoes-Black-Women-Camping.jpg
300674,https://hikingprostore.com/product/new-non-slip-men-hiking-shoes-woman-climbing-mountain-wear-resistant-amphibious-shoes-outdoor-sport-sneakers-quick-dry-shoes/,New Non-Slip Men Hiking Shoes Woman Climbing Mountain Wear-Resistant Amphibious Shoes Outdoor Sport Sneakers Quick Dry Shoes,2020/02/New-Non-Slip-Men-Hiking-Shoes-Woman-Climbing-Mountain-Wear-Resistant-Amphibious-Shoes-Outdoor-Sport-Sneakers.jpg
300719,https://hikingprostore.com/product/outdoor-mountain-climbing-shoes-for-women-waterproof-trekking-shoes-woman-sneakers-hiking-boots/,Outdoor Mountain climbing shoes for women waterproof trekking shoes woman Sneakers hiking boots,2020/02/Outdoor-Mountain-climbing-shoes-for-women-waterproof-trekking-shoes-woman-Sneakers-hiking-boots.jpg
300820,https://hikingprostore.com/product/35-47-ultralight-tactical-combat-training-boots-men-women-outdoor-trekking-climbing-hiking-shoes-breathable-mesh-hunting-sneaker/,35-47 Ultralight Tactical Combat Training Boots Men Women Outdoor Trekking Climbing Hiking Shoes Breathable Mesh Hunting Sneaker,2020/02/35-47-Ultralight-Tactical-Combat-Training-Boots-Men-Women-Outdoor-Trekking-Climbing-Hiking-Shoes-Breathable-Mesh.jpg
300939,https://hikingprostore.com/product/hot-sale-classic-pro-mountain-ankle-hiking-boots-for-men-women-outdoor-sports-trekking-training-footwear-unisex-couple-shoes/,Hot Sale Classic Pro-Mountain Ankle Hiking Boots For Men &amp; Women Outdoor Sports Trekking Training Footwear Unisex Couple shoes,2020/02/Hot-Sale-Classic-Pro-Mountain-Ankle-Hiking-Boots-For-Men-Women-Outdoor-Sports-Trekking-Training-Footwear.jpg
301015,https://hikingprostore.com/product/spring-summer-men-women-outdoor-sports-climbing-hiking-ultralight-training-net-lace-up-shoes-breathable-camouflage-mesh-sneakers/,Spring summer men women outdoor sports climbing hiking ultralight training net lace up shoes breathable camouflage mesh sneakers,2020/02/Spring-summer-men-women-outdoor-sports-climbing-hiking-ultralight-training-net-lace-up-shoes-breathable-camouflage.jpg
301060,https://hikingprostore.com/product/boussac-men-women-hiking-shoes-sneakers-outdoor-climbing-trekking-sport-footwear-nonslip-flat-shoes-unisex-wading-water-sneakers/,BOUSSAC Men Women Hiking Shoes Sneakers Outdoor Climbing Trekking Sport Footwear Nonslip Flat Shoes Unisex Wading Water Sneakers,2020/02/BOUSSAC-Men-Women-Hiking-Shoes-Sneakers-Outdoor-Climbing-Trekking-Sport-Footwear-Nonslip-Flat-Shoes-Unisex-Wading.jpg
301067,https://hikingprostore.com/product/unisex-outdoor-hiking-shoes-men-non-slip-trekking-shoes-women-walking-shoes-male-waterproof-sneakers-camping-climbing-footwear/,Unisex Outdoor Hiking Shoes Men Non-slip Trekking Shoes Women Walking Shoes Male Waterproof Sneakers Camping Climbing Footwear,2020/02/Unisex-Outdoor-Hiking-Shoes-Men-Non-slip-Trekking-Shoes-Women-Walking-Shoes-Male-Waterproof-Sneakers-Camping.jpg
301158,https://hikingprostore.com/product/spring-outdoor-sport-women-shoes-purple-hiking-shoes-anti-slip-woman-climbing-walking-trainers-brand-ladies-mountain-sneakers/,Spring Outdoor Sport Women Shoes Purple Hiking Shoes Anti-Slip Woman Climbing Walking Trainers Brand Ladies Mountain Sneakers,2020/02/Spring-Outdoor-Sport-Women-Shoes-Purple-Hiking-Shoes-Anti-Slip-Woman-Climbing-Walking-Trainers-Brand-Ladies.jpg
301192,https://hikingprostore.com/product/winter-cotton-shoes-men-outdoor-mountain-sneakers-anti-skid-hiking-shoes-snow-warm-boots-plush-sport-shoes-woman-camping-boots/,Winter Cotton Shoes Men Outdoor Mountain Sneakers Anti Skid Hiking Shoes Snow Warm Boots Plush Sport Shoes Woman Camping Boots,2020/02/Winter-Cotton-Shoes-Men-Outdoor-Mountain-Sneakers-Anti-Skid-Hiking-Shoes-Snow-Warm-Boots-Plush-Sport.jpg
301217,https://hikingprostore.com/product/men-women-hiking-shoes-climbing-mountain-non-slip-amphibious-shoes-fishing-outdoor-sports-sneakers-quick-dry-light-sneakers/,Men Women Hiking Shoes Climbing Mountain Non-Slip Amphibious Shoes Fishing Outdoor Sports Sneakers Quick Dry Light Sneakers,2020/02/Men-Women-Hiking-Shoes-Climbing-Mountain-Non-Slip-Amphibious-Shoes-Fishing-Outdoor-Sports-Sneakers-Quick-Dry.jpg
301244,https://hikingprostore.com/product/men-outdoor-sports-tactical-mountain-climbing-boot-women-wearresisting-shoes-large-size-trekking-shoes-for-hiking-nonslip-wear/,Men Outdoor Sports Tactical Mountain Climbing Boot Women Wearresisting Shoes Large Size Trekking Shoes for Hiking Nonslip Wear,2020/02/Men-Outdoor-Sports-Tactical-Mountain-Climbing-Boot-Women-Wearresisting-Shoes-Large-Size-Trekking-Shoes-for-Hiking.jpg
301462,https://hikingprostore.com/product/mwy-women-hiking-boots-trekking-climbing-sneakers-outdoor-walking-sport-shoes-high-top-comfortable-mens-shoes-zapatos-de-hombre/,MWY Women Hiking Boots Trekking Climbing Sneakers Outdoor Walking Sport Shoes High Top Comfortable Mens Shoes Zapatos De Hombre,2020/02/MWY-Women-Hiking-Boots-Trekking-Climbing-Sneakers-Outdoor-Walking-Sport-Shoes-High-Top-Comfortable-Mens-Shoes.jpg
301466,https://hikingprostore.com/product/jintoho-winter-sneakers-for-women-outdoor-women-hiking-shoes-warm-snow-hiking-boots-waterproof-mountain-boots-mountain-shoes/,JINTOHO Winter Sneakers For Women Outdoor Women Hiking Shoes Warm Snow Hiking Boots Waterproof Mountain Boots Mountain Shoes,2020/02/JINTOHO-Winter-Sneakers-For-Women-Outdoor-Women-Hiking-Shoes-Warm-Snow-Hiking-Boots-Waterproof-Mountain-Boots.jpg
301488,https://hikingprostore.com/product/chiang-women-high-top-waterproof-boots-casual-brand-warm-hiking-lady-sneakers-for-winter-outdoor-sports-high-quality-work-shoes/,Chiang Women High-top Waterproof Boots Casual Brand Warm Hiking Lady Sneakers For Winter Outdoor Sports High-Quality Work Shoes,2020/02/Chiang-Women-High-top-Waterproof-Boots-Casual-Brand-Warm-Hiking-Lady-Sneakers-For-Winter-Outdoor-Sports.jpg
301499,https://hikingprostore.com/product/jungle-camouflage-boots-military-combat-boots-lightweight-camo-hiking-motorcycle-shoes-for-men-women-with-zipper-breathable/,Jungle Camouflage Boots Military Combat Boots Lightweight Camo Hiking Motorcycle Shoes for Men/women with Zipper Breathable,2020/02/Jungle-Camouflage-Boots-Military-Combat-Boots-Lightweight-Camo-Hiking-Motorcycle-Shoes-for-Men-women-with-Zipper.jpg
301565,https://hikingprostore.com/product/outdoor-men-desert-tactical-boots-male-hiking-shoes-sneakers-for-women-non-slip-wear-sports-climbing-shoes-keep-warm/,Outdoor Men desert tactical boots male hiking shoes sneakers for women non-slip wear sports climbing shoes Keep warm,2020/02/Outdoor-Men-desert-tactical-boots-male-hiking-shoes-sneakers-for-women-non-slip-wear-sports-climbing.jpg
301625,https://hikingprostore.com/product/camel-hiking-shoes-waterproof-women-men-trekking-mountain-outdoor-anti-slip-climb-mountaineering-hard-wearing/,CAMEL Hiking Shoes Waterproof Women Men Trekking Mountain Outdoor Anti-Slip Climb Mountaineering Hard-wearing,2020/02/CAMEL-Hiking-Shoes-Waterproof-Women-Men-Trekking-Mountain-Outdoor-Anti-Slip-Climb-Mountaineering-Hard-wearing.jpg
301651,https://hikingprostore.com/product/women-hiking-boots-sport-shoes-womens-outdoor-snow-hiking-shoes-boot-waterproof-breathable-sneakers-shoes-for-woman/,Women Hiking Boots Sport Shoes Women's Outdoor Snow Hiking Shoes Boot Waterproof Breathable Sneakers Shoes For Woman,2020/02/Women-Hiking-Boots-Sport-Shoes-Women-s-Outdoor-Snow-Hiking-Shoes-Boot-Waterproof-Breathable-Sneakers-Shoes.jpg
301681,https://hikingprostore.com/product/women-plus-fur-winter-hiking-boots-warm-wearable-outdoor-sports-sneakers-for-women-anti-skid-climbing-tourism-mountain-shoes-new/,Women Plus Fur Winter Hiking Boots Warm Wearable Outdoor Sports Sneakers For Women Anti-skid Climbing Tourism Mountain Shoes New,2020/02/Women-Plus-Fur-Winter-Hiking-Boots-Warm-Wearable-Outdoor-Sports-Sneakers-For-Women-Anti-skid-Climbing.jpg
301796,https://hikingprostore.com/product/winter-women-hiking-boots-waterproof-mountain-shoes-outdoor-sneakers-platform-trekking-shoes-plush-snow-boots-plus-size-foowear/,Winter Women Hiking Boots Waterproof Mountain Shoes Outdoor Sneakers Platform Trekking Shoes Plush Snow Boots Plus Size Foowear,2020/02/Winter-Women-Hiking-Boots-Waterproof-Mountain-Shoes-Outdoor-Sneakers-Platform-Trekking-Shoes-Plush-Snow-Boots-Plus.jpg
301852,https://hikingprostore.com/product/high-quality-unisex-hiking-shoes-autumn-winter-brand-outdoor-mens-sport-cool-trekking-mountain-woman-climbing-athletic-shoes/,High Quality Unisex Hiking Shoes Autumn Winter Brand Outdoor Mens Sport Cool Trekking Mountain Woman Climbing Athletic Shoes,2020/02/High-Quality-Unisex-Hiking-Shoes-Autumn-Winter-Brand-Outdoor-Mens-Sport-Cool-Trekking-Mountain-Woman-Climbing.jpg
301860,https://hikingprostore.com/product/mountain-climbing-shoes-men-women-breathable-outdoor-sneakers-couples-spring-summer-trekking-hiking-shoes-light-trail-sneakers/,Mountain Climbing Shoes Men Women Breathable Outdoor Sneakers Couples Spring Summer Trekking Hiking Shoes Light Trail Sneakers,2020/02/Mountain-Climbing-Shoes-Men-Women-Breathable-Outdoor-Sneakers-Couples-Spring-Summer-Trekking-Hiking-Shoes-Light-Trail.jpg
301921,https://hikingprostore.com/product/newest-men-hiking-shoes-women-outdoor-shoes-waterproof-hiking-masculinos-zapatos-sneakers-high-quality-men-walking-travel-shoes/,Newest men hiking shoes Women outdoor shoes waterproof hiking masculinos Zapatos sneakers High quality men walking travel shoes,2020/02/Newest-men-hiking-shoes-Women-outdoor-shoes-waterproof-hiking-masculinos-Zapatos-sneakers-High-quality-men-walking.jpg
301965,https://hikingprostore.com/product/2019-outdoor-hiking-shoes-men-non-slip-outdoor-breathable-women-sport-shoes-man-climbing-jogging-trekking-sneakers/,2019 Outdoor Hiking Shoes Men Non-slip Outdoor Breathable Women Sport Shoes Man climbing Jogging Trekking Sneakers,2020/02/2019-Outdoor-Hiking-Shoes-Men-Non-slip-Outdoor-Breathable-Women-Sport-Shoes-Man-climbing-Jogging-Trekking.jpg
302019,https://hikingprostore.com/product/boussac-hot-popular-men-women-outdoor-hiking-boots-couples-mountain-climbing-shoeshigh-qualitytrekking-footwear-work-shoes/,"BOUSSAC Hot Popular Men Women Outdoor Hiking Boots, Couples Mountain Climbing shoes,High QualityTrekking Footwear, Work Shoes",2020/02/BOUSSAC-Hot-Popular-Men-Women-Outdoor-Hiking-Boots-Couples-Mountain-Climbing-shoes-High-QualityTrekking-Footwear-Work.jpg
302133,https://hikingprostore.com/product/dudeli-winter-hiking-shoes-men-mountain-sneakers-outdoor-waterproof-boots-man-anti-skid-sport-shoes-woman-snow-keep-warm-trainer/,DUDELI Winter Hiking Shoes Men Mountain Sneakers Outdoor Waterproof Boots Man Anti Skid Sport Shoes Woman Snow Keep Warm Trainer,2020/02/DUDELI-Winter-Hiking-Shoes-Men-Mountain-Sneakers-Outdoor-Waterproof-Boots-Man-Anti-Skid-Sport-Shoes-Woman.jpg
302322,https://hikingprostore.com/product/large-size-men-hiking-shoes-camouflage-sneakers-army-shoes-women-summer-trainers-mesh-breathable-walking-shoes-chaussure-homme/,Large Size Men Hiking Shoes Camouflage Sneakers Army Shoes Women Summer Trainers Mesh Breathable Walking Shoes Chaussure Homme,2020/02/Large-Size-Men-Hiking-Shoes-Camouflage-Sneakers-Army-Shoes-Women-Summer-Trainers-Mesh-Breathable-Walking-Shoes.jpg
302331,https://hikingprostore.com/product/kancoold-women-snow-boots-winter-shoes-warm-plush-ankle-boots-2019-brand-female-casual-shoes-wedge-snow-hiking-boots-waterproof/,KANCOOLD Women Snow Boots Winter Shoes Warm Plush Ankle Boots 2019 Brand Female Casual Shoes Wedge Snow Hiking Boots Waterproof,2020/02/KANCOOLD-Women-Snow-Boots-Winter-Shoes-Warm-Plush-Ankle-Boots-2019-Brand-Female-Casual-Shoes-Wedge.jpg
302353,https://hikingprostore.com/product/men-sport-shoes-big-size-35-48-outdoor-shoes-man-breathable-women-sport-shoes-blue-pink-men-women-climbing-shoes-hiking-trainers/,Men Sport Shoes Big Size 35-48 Outdoor Shoes Man Breathable Women Sport Shoes Blue Pink Men Women Climbing Shoes Hiking Trainers,2020/02/Men-Sport-Shoes-Big-Size-35-48-Outdoor-Shoes-Man-Breathable-Women-Sport-Shoes-Blue-Pink.jpg
302559,https://hikingprostore.com/product/women-hiking-shoes-mountain-climbing-trekking-shoes-professional-breathable-sport-shoes-outdoor-sneaker-for-camping-travel/,Women Hiking Shoes Mountain Climbing Trekking Shoes Professional Breathable Sport Shoes Outdoor Sneaker For Camping Travel,2020/02/Women-Hiking-Shoes-Mountain-Climbing-Trekking-Shoes-Professional-Breathable-Sport-Shoes-Outdoor-Sneaker-For-Camping-Travel.jpg
302602,https://hikingprostore.com/product/men-outdoor-hiking-shoes-camouflage-canvas-shoes-women-trekking-climbing-walking-travel-sport-sneakers-calzado-de-senderismo/,Men Outdoor Hiking Shoes Camouflage Canvas Shoes Women Trekking Climbing Walking Travel Sport Sneakers Calzado De Senderismo,2020/02/Men-Outdoor-Hiking-Shoes-Camouflage-Canvas-Shoes-Women-Trekking-Climbing-Walking-Travel-Sport-Sneakers-Calzado-De.jpg
302626,https://hikingprostore.com/product/2019-new-winter-style-shoe-outdoor-md-outsole-couples-sports-hiking-shoes-men-and-women-cotton-boots-hot-selling-d8813/,2019 New Winter Style Shoe Outdoor MD Outsole Couples Sports Hiking Shoes Men And Women Cotton Boots Hot Selling D8813,2020/02/2019-New-Winter-Style-Shoe-Outdoor-MD-Outsole-Couples-Sports-Hiking-Shoes-Men-And-Women-Cotton.jpg
302781,https://hikingprostore.com/product/swyivy-women-hiking-shoes-platform-anti-slip-2018-new-mesh-breathable-super-light-women-sneakers-hard-wearing-women-sport-shoes/,SWYIVY Women Hiking Shoes Platform Anti-slip 2018 New Mesh Breathable Super Light Women Sneakers Hard-wearing Women Sport Shoes,2020/02/SWYIVY-Women-Hiking-Shoes-Platform-Anti-slip-2018-New-Mesh-Breathable-Super-Light-Women-Sneakers-Hard.jpg
302785,https://hikingprostore.com/product/zufeng-men-hiking-shoes-women-waterproof-trekking-boots-breathable-sports-mountain-climbing-shoe-outdoor-walking-sneakers-male/,ZUFENG Men Hiking Shoes Women Waterproof Trekking Boots Breathable Sports Mountain Climbing Shoe Outdoor Walking Sneakers Male,2020/02/ZUFENG-Men-Hiking-Shoes-Women-Waterproof-Trekking-Boots-Breathable-Sports-Mountain-Climbing-Shoe-Outdoor-Walking-Sneakers.jpg
302913,https://hikingprostore.com/product/original-men-water-leather-breathable-camping-training-outdoor-women-trail-hiking-shoes-waterproof-mountaineer-ultra-sneakers-2/,Original Men Water Leather Breathable Camping Training Outdoor Women Trail Hiking Shoes Waterproof Mountaineer Ultra Sneakers 2,2020/02/Original-Men-Water-Leather-Breathable-Camping-Training-Outdoor-Women-Trail-Hiking-Shoes-Waterproof-Mountaineer-Ultra-Sneakers.jpg
302925,https://hikingprostore.com/product/eu-35-43-new-winter-boots-women-hiking-shoes-plush-hot-outdoor-walking-sneakers-female-black-white-snow-boots-women-ankle-boots/,EU 35-43 New Winter Boots Women Hiking Shoes Plush Hot Outdoor Walking Sneakers Female Black White Snow Boots Women Ankle Boots,2020/02/EU-35-43-New-Winter-Boots-Women-Hiking-Shoes-Plush-Hot-Outdoor-Walking-Sneakers-Female-Black.jpg
302938,https://hikingprostore.com/product/outdoor-womens-hiking-shoes-youth-antislip-camping-mountain-climbing-sneakers-wearproof-breathable-flats-sport-shoes-for-female/,Outdoor Women's Hiking Shoes Youth Antislip Camping Mountain Climbing Sneakers Wearproof Breathable Flats Sport Shoes for Female,2020/02/Outdoor-Women-s-Hiking-Shoes-Youth-Antislip-Camping-Mountain-Climbing-Sneakers-Wearproof-Breathable-Flats-Sport-Shoes.jpg
303069,https://hikingprostore.com/product/men-women-outdoor-climbing-wading-sports-shoes-mesh-quick-dry-ultralight-breathable-non-slip-shoes-hiking-trekking-aqua-sneaker/,Men Women Outdoor Climbing Wading Sports Shoes Mesh Quick Dry Ultralight Breathable Non-Slip Shoes Hiking Trekking Aqua Sneaker,2020/02/Men-Women-Outdoor-Climbing-Wading-Sports-Shoes-Mesh-Quick-Dry-Ultralight-Breathable-Non-Slip-Shoes-Hiking.jpg
303126,https://hikingprostore.com/product/men-women-hiking-wear-resisting-casual-shoes-non-slip-sneakers-mountain-climbing-trekking-footwear-couple-walking-outdoor-train/,Men Women Hiking Wear Resisting Casual Shoes Non-slip Sneakers Mountain Climbing Trekking Footwear Couple Walking Outdoor Train,2020/02/Men-Women-Hiking-Wear-Resisting-Casual-Shoes-Non-slip-Sneakers-Mountain-Climbing-Trekking-Footwear-Couple-Walking.jpg
303141,https://hikingprostore.com/product/hiking-shoes-for-women-men-pu-leather-non-slip-outdoor-hiking-boots-trekking-shoes-waterproof-sport-sneakers-camping-sport-shoes/,Hiking Shoes For Women Men PU Leather Non-Slip Outdoor Hiking Boots Trekking Shoes Waterproof Sport Sneakers Camping Sport Shoes,2020/02/Hiking-Shoes-For-Women-Men-PU-Leather-Non-Slip-Outdoor-Hiking-Boots-Trekking-Shoes-Waterproof-Sport.jpg
303144,https://hikingprostore.com/product/high-quality-winter-plush-keep-warm-boots-mens-outdoor-waterproof-hiking-shoes-women-trekking-shoes-mountain-climbing-sneakers/,High Quality Winter Plush Keep Warm Boots Men's Outdoor Waterproof Hiking Shoes Women Trekking Shoes Mountain Climbing Sneakers,2020/02/High-Quality-Winter-Plush-Keep-Warm-Boots-Men-s-Outdoor-Waterproof-Hiking-Shoes-Women-Trekking-Shoes.jpg
303151,https://hikingprostore.com/product/spring-summer-hiking-shoes-women-ladies-breathable-shoes-flying-woven-couple-shoes-female-sneakers-men-lightweight-walking-shoes/,Spring Summer Hiking Shoes Women Ladies Breathable Shoes Flying Woven Couple Shoes Female Sneakers Men Lightweight Walking Shoes,2020/02/Spring-Summer-Hiking-Shoes-Women-Ladies-Breathable-Shoes-Flying-Woven-Couple-Shoes-Female-Sneakers-Men-Lightweight.jpg
303475,https://hikingprostore.com/product/women-hiking-shoes-professional-outdoor-camping-climbing-trekking-shoes-wear-resisting-tactical-shoes-lightweight-travel-sneaker/,Women Hiking Shoes Professional Outdoor Camping Climbing Trekking Shoes Wear Resisting Tactical Shoes Lightweight Travel Sneaker,2020/02/Women-Hiking-Shoes-Professional-Outdoor-Camping-Climbing-Trekking-Shoes-Wear-Resisting-Tactical-Shoes-Lightweight-Travel-Sneaker.jpg
303586,https://hikingprostore.com/product/women-travel-sneakers-women-mountain-climbing-shoes-anti-skid-wear-resistant-travel-athletics-footwear-professional-hiking-shoes/,Women Travel Sneakers Women Mountain Climbing Shoes Anti-skid Wear Resistant Travel Athletics Footwear Professional Hiking Shoes,2020/02/Women-Travel-Sneakers-Women-Mountain-Climbing-Shoes-Anti-skid-Wear-Resistant-Travel-Athletics-Footwear-Professional-Hiking.jpg
303654,https://hikingprostore.com/product/women-men-hiking-boots-breathable-couple-brand-outdoor-hiking-sport-shoe-mens-cool-trekking-mountain-man-climbing-athletic-shoes/,Women Men Hiking Boots Breathable Couple Brand Outdoor Hiking Sport Shoe Mens Cool Trekking Mountain Man Climbing Athletic Shoes,2020/02/Women-Men-Hiking-Boots-Breathable-Couple-Brand-Outdoor-Hiking-Sport-Shoe-Mens-Cool-Trekking-Mountain-Man.jpg
303690,https://hikingprostore.com/product/unisex-waterproof-hiking-shoes-men-2019-breathable-trekking-shoes-women-outdoor-non-slip-tactical-shoes-male-walking-footwear/,Unisex Waterproof Hiking Shoes Men 2019 Breathable Trekking Shoes Women Outdoor Non-slip Tactical Shoes Male Walking Footwear,2020/02/Unisex-Waterproof-Hiking-Shoes-Men-2019-Breathable-Trekking-Shoes-Women-Outdoor-Non-slip-Tactical-Shoes-Male.jpg
303709,https://hikingprostore.com/product/outdoor-hiking-shoes-for-men-waterproof-hiking-shoes-women-sneakers-men-sneaker-summer-trekking-shoes-for-women-casual-sneaker/,Outdoor Hiking Shoes For Men Waterproof Hiking Shoes Women Sneakers Men Sneaker Summer Trekking Shoes For Women Casual Sneaker,2020/02/Outdoor-Hiking-Shoes-For-Men-Waterproof-Hiking-Shoes-Women-Sneakers-Men-Sneaker-Summer-Trekking-Shoes-For.jpg
303722,https://hikingprostore.com/product/swyivy-boots-men-hiking-shoes-sport-2019-winter-warm-shoes-high-top-unisex-men-women-sport-sneakers-platform-bootee-women-shoe/,SWYIVY Boots Men Hiking Shoes Sport 2019 Winter Warm Shoes High Top Unisex Men/women Sport Sneakers Platform Bootee Women Shoe,2020/02/SWYIVY-Boots-Men-Hiking-Shoes-Sport-2019-Winter-Warm-Shoes-High-Top-Unisex-Men-women-Sport.jpg
303877,https://hikingprostore.com/product/women-snow-boots-winter-warm-ankle-boots-waterproof-sneakers-woman-hiking-shoes-outdoor-sports-shoes-for-female-travel-shoes/,Women Snow Boots Winter Warm Ankle Boots Waterproof Sneakers Woman Hiking Shoes Outdoor Sports Shoes for Female Travel Shoes,2020/02/Women-Snow-Boots-Winter-Warm-Ankle-Boots-Waterproof-Sneakers-Woman-Hiking-Shoes-Outdoor-Sports-Shoes-for.jpg
304182,https://hikingprostore.com/product/bona-new-woman-hiking-shoes-athletic-lace-up-women-sport-shoes-outdoor-jogging-boots-red-zapatillas-sports-comfortable-soft/,BONA New Woman Hiking Shoes Athletic Lace Up Women Sport Shoes Outdoor Jogging Boots Red Zapatillas Sports Comfortable Soft,2020/02/BONA-New-Woman-Hiking-Shoes-Athletic-Lace-Up-Women-Sport-Shoes-Outdoor-Jogging-Boots-Red-Zapatillas.jpg
304183,https://hikingprostore.com/product/men-travel-hiking-shoes-women-winter-boots-short-plush-outdoor-casual-shoes-tactical-militay-boots-winter-fur-sneakers-men/,Men Travel Hiking Shoes Women Winter Boots Short Plush Outdoor Casual Shoes Tactical Militay Boots Winter Fur Sneakers Men,2020/02/Men-Travel-Hiking-Shoes-Women-Winter-Boots-Short-Plush-Outdoor-Casual-Shoes-Tactical-Militay-Boots-Winter.jpg
304185,https://hikingprostore.com/product/hemmyi-winter-new-middle-aged-outdoor-sport-men-and-women-ankle-boots-warm-short-plush-trekking-non-slip-hiking-shoes-black/,Hemmyi Winter New Middle-aged Outdoor Sport Men and Women Ankle Boots Warm Short Plush Trekking Non-slip Hiking Shoes Black,2020/02/Hemmyi-Winter-New-Middle-aged-Outdoor-Sport-Men-and-Women-Ankle-Boots-Warm-Short-Plush-Trekking.jpg
304188,https://hikingprostore.com/product/waterproof-men-women-training-shoes-fan-outdoor-hiking-sports-climbing-non-slip-breathable-desert-tactical-bootsg3/,Waterproof Men Women Training Shoes  Fan Outdoor Hiking Sports Climbing Non-slip Breathable Desert Tactical Boots#g3,2020/02/Waterproof-Men-Women-Training-Shoes-Fan-Outdoor-Hiking-Sports-Climbing-Non-slip-Breathable-Desert-Tactical-Boots.jpg
304189,https://hikingprostore.com/product/women-snow-boothiking-bootswinter-bootswaterproof-shoesoutdoor-shoesbig-size-35-47/,"Women Snow Boot,Hiking Boots,Winter Boots,Waterproof Shoes,Outdoor Shoes,Big Size 35-47",2020/02/Women-Snow-Boot-Hiking-Boots-Winter-Boots-Waterproof-Shoes-Outdoor-Shoes-Big-Size-35-47.jpg
304191,https://hikingprostore.com/product/winter-outdoor-low-help-boots-cotton-plus-velvet-internal-keep-warm-waterproof-hiking-camping-climbing-travel-men-women-shoes/,Winter Outdoor Low Help Boots Cotton Plus Velvet Internal Keep Warm Waterproof Hiking Camping Climbing Travel Men Women Shoes,2020/02/Winter-Outdoor-Low-Help-Boots-Cotton-Plus-Velvet-Internal-Keep-Warm-Waterproof-Hiking-Camping-Climbing-Travel.jpg
304331,https://hikingprostore.com/product/men-women-hiking-shoes-outdoor-walking-jogging-trekking-boots-mountain-climbing-sport-male-waterproof-sneakers-athletic-non-slip/,Men Women Hiking Shoes Outdoor Walking Jogging Trekking Boots Mountain Climbing Sport Male Waterproof Sneakers Athletic Non-slip,2020/02/Men-Women-Hiking-Shoes-Outdoor-Walking-Jogging-Trekking-Boots-Mountain-Climbing-Sport-Male-Waterproof-Sneakers-Athletic.jpg
304340,https://hikingprostore.com/product/waterproof-professional-women-winter-hiking-boots-trekking-shoes-outdoor-woman-climbing-buty-trekingowe-sepatu-gunung-mountain/,Waterproof Professional Women Winter Hiking Boots Trekking Shoes Outdoor Woman Climbing Buty Trekingowe Sepatu Gunung Mountain,2020/02/Waterproof-Professional-Women-Winter-Hiking-Boots-Trekking-Shoes-Outdoor-Woman-Climbing-Buty-Trekingowe-Sepatu-Gunung-Mountain.jpg
304383,https://hikingprostore.com/product/men-women-outdoor-summer-climbing-shoes-breathable-mesh-ultralight-non-slip-durable-sports-shoes-trekking-hiking-wading-sneakers/,Men Women Outdoor Summer Climbing Shoes Breathable Mesh Ultralight Non-Slip Durable Sports Shoes Trekking Hiking Wading Sneakers,2020/02/Men-Women-Outdoor-Summer-Climbing-Shoes-Breathable-Mesh-Ultralight-Non-Slip-Durable-Sports-Shoes-Trekking-Hiking.jpg
304386,https://hikingprostore.com/product/men-plus-velvet-hiking-shoes-hiking-shoes-lover-mesh-breathable-upstream-sneakers-non-slip-climbing-walking-footwear-women-men/,Men Plus Velvet Hiking Shoes Hiking Shoes Lover Mesh Breathable Upstream Sneakers Non-slip Climbing Walking Footwear Women Men,2020/02/Men-Plus-Velvet-Hiking-Shoes-Hiking-Shoes-Lover-Mesh-Breathable-Upstream-Sneakers-Non-slip-Climbing-Walking.jpg
304422,https://hikingprostore.com/product/hiking-shoes-men-waterproof-breathable-leather-sneakers-outdoor-hunt-sport-fishing-climbing-women-army-tactical-military-boots/,Hiking Shoes Men Waterproof Breathable Leather Sneakers Outdoor Hunt Sport Fishing Climbing Women Army Tactical Military Boots,2020/02/Hiking-Shoes-Men-Waterproof-Breathable-Leather-Sneakers-Outdoor-Hunt-Sport-Fishing-Climbing-Women-Army-Tactical-Military.jpg
304531,https://hikingprostore.com/product/women-hiking-shoes-mountain-climbing-trekking-shoes-professional-breathable-outdoor-sneaker-for-camping-travel-shoe/,Women Hiking Shoes Mountain Climbing Trekking Shoes Professional Breathable Outdoor Sneaker For Camping Travel Shoe,2020/02/Women-Hiking-Shoes-Mountain-Climbing-Trekking-Shoes-Professional-Breathable-Outdoor-Sneaker-For-Camping-Travel-Shoe.jpg
304677,https://hikingprostore.com/product/women-hiking-shoes-autumn-winter-outdoor-ladies-sport-trekking-mountain-boots-waterproof-climbing-athletic-shoes-plus-size/,Women Hiking Shoes Autumn Winter Outdoor Ladies Sport Trekking Mountain Boots Waterproof Climbing Athletic Shoes Plus Size,2020/02/Women-Hiking-Shoes-Autumn-Winter-Outdoor-Ladies-Sport-Trekking-Mountain-Boots-Waterproof-Climbing-Athletic-Shoes-Plus.jpg
304812,https://hikingprostore.com/product/new-men-women-ultralight-outdoor-speed-shoes-hiking-camping-special-forces-desert-military-boots-ankle-combat-breathable-trainin/,New Men Women Ultralight Outdoor Speed Shoes Hiking Camping Special Forces Desert Military Boots Ankle Combat Breathable Trainin,2020/02/New-Men-Women-Ultralight-Outdoor-Speed-Shoes-Hiking-Camping-Special-Forces-Desert-Military-Boots-Ankle-Combat.jpg
304827,https://hikingprostore.com/product/men-desert-military-tactical-boots-male-outdoor-waterproof-hiking-shoes-sneakers-for-women-non-slip-sports-climbing-shoes/,Men Desert Military Tactical Boots Male Outdoor Waterproof Hiking Shoes Sneakers For Women Non-slip Sports Climbing Shoes,2020/02/Men-Desert-Military-Tactical-Boots-Male-Outdoor-Waterproof-Hiking-Shoes-Sneakers-For-Women-Non-slip-Sports.jpg
304911,https://hikingprostore.com/product/swyivy-women-hiking-shoes-weaving-breathable-wedge-slip-on-2018-summer-outdoor-non-slip-female-cushion-hiking-shoes-shockproof/,SWYIVY Women Hiking Shoes Weaving Breathable Wedge Slip-on 2018 Summer Outdoor Non-slip Female Cushion Hiking Shoes Shockproof,2020/02/SWYIVY-Women-Hiking-Shoes-Weaving-Breathable-Wedge-Slip-on-2018-Summer-Outdoor-Non-slip-Female-Cushion.jpg
305056,https://hikingprostore.com/product/mwy-outdoor-mountain-climbing-shoes-men-ankle-hiking-boots-trekking-footwear-warm-women-sports-shoes-zapatos-de-hombre-sneakers/,MWY Outdoor Mountain Climbing Shoes Men Ankle Hiking Boots Trekking Footwear Warm Women Sports Shoes Zapatos De Hombre Sneakers,2020/02/MWY-Outdoor-Mountain-Climbing-Shoes-Men-Ankle-Hiking-Boots-Trekking-Footwear-Warm-Women-Sports-Shoes-Zapatos.jpg
305094,https://hikingprostore.com/product/chiang-women-sexy-over-the-knee-boots-brand-lether-fashion-high-heel-hiking-mujer-shoes-keep-warm-for-winter-sports/,Chiang Women Sexy Over-The-Knee Boots Brand Lether Fashion High-Heel Hiking Mujer Shoes Keep Warm For Winter Sports,2020/02/Chiang-Women-Sexy-Over-The-Knee-Boots-Brand-Lether-Fashion-High-Heel-Hiking-Mujer-Shoes-Keep.jpg
305130,https://hikingprostore.com/product/outdoor-high-ankle-boots-men-waterproof-hiking-shoes-women-antiskid-wearable-climbing-sneakers-unisex-sports-mountain-hike-shoes/,Outdoor High Ankle Boots Men Waterproof Hiking Shoes Women Antiskid Wearable Climbing Sneakers Unisex Sports Mountain Hike Shoes,2020/02/Outdoor-High-Ankle-Boots-Men-Waterproof-Hiking-Shoes-Women-Antiskid-Wearable-Climbing-Sneakers-Unisex-Sports-Mountain.jpg
305168,https://hikingprostore.com/product/new-unisex-breathable-hiking-shoes-outdoor-sneakers-for-men-women-wading-hiking-shoes-sandals-trekking-mesh-water-sandals/,new unisex Breathable Hiking Shoes Outdoor sneakers for men Women wading Hiking shoes Sandals Trekking mesh Water Sandals,2020/02/new-unisex-Breathable-Hiking-Shoes-Outdoor-sneakers-for-men-Women-wading-Hiking-shoes-Sandals-Trekking-mesh.jpg
305219,https://hikingprostore.com/product/spring-women-hiking-boots-hunting-climbing-sports-sneakers-for-women-non-slip-ladies-outdoor-tourism-trekking-mountain-shoes-new/,Spring Women Hiking Boots Hunting Climbing Sports Sneakers For Women Non-slip Ladies Outdoor Tourism Trekking Mountain Shoes New,2020/02/Spring-Women-Hiking-Boots-Hunting-Climbing-Sports-Sneakers-For-Women-Non-slip-Ladies-Outdoor-Tourism-Trekking.jpg
305333,https://hikingprostore.com/product/winter-velvet-cotton-shoes-outdoor-hiking-shoes-woman-climbing-trekking-sneakers-shoes-woman-sport-snow-boots-chaussure-homme/,Winter velvet cotton shoes outdoor hiking shoes woman climbing trekking sneakers shoes woman sport snow boots chaussure homme,2020/02/Winter-velvet-cotton-shoes-outdoor-hiking-shoes-woman-climbing-trekking-sneakers-shoes-woman-sport-snow-boots.jpg
305390,https://hikingprostore.com/product/winter-hiking-shoes-men-women-waterproof-shoes-wear-resisting-climbing-mountain-shoes-leather-sport-sneakers-trekking-boot/,Winter Hiking Shoes Men Women Waterproof shoes Wear-resisting Climbing Mountain Shoes Leather Sport Sneakers Trekking Boot,2020/02/Winter-Hiking-Shoes-Men-Women-Waterproof-shoes-Wear-resisting-Climbing-Mountain-Shoes-Leather-Sport-Sneakers-Trekking.jpg
305447,https://hikingprostore.com/product/rax-women-genuine-leather-hiking-shoes-outdoor-waterproof-warm-sneakers-breathable-outdoor-sports-shoes-men-walking-sneakers/,RAX Women Genuine Leather Hiking Shoes Outdoor Waterproof Warm Sneakers Breathable Outdoor Sports Shoes Men Walking Sneakers,2020/02/RAX-Women-Genuine-Leather-Hiking-Shoes-Outdoor-Waterproof-Warm-Sneakers-Breathable-Outdoor-Sports-Shoes-Men-Walking.jpg
305452,https://hikingprostore.com/product/outdoor-hiking-shoes-men-casual-wear-resisting-non-slip-sneakers-shoes-women-sneakers-for-climbing-trekking-sport-unisex/,Outdoor Hiking Shoes Men Casual Wear-resisting Non-slip Sneakers Shoes Women Sneakers For Climbing Trekking Sport Unisex,2020/02/Outdoor-Hiking-Shoes-Men-Casual-Wear-resisting-Non-slip-Sneakers-Shoes-Women-Sneakers-For-Climbing-Trekking.jpg
305471,https://hikingprostore.com/product/chiang-women-high-top-waterproof-ankle-boots-brand-hiking-cotton-lady-sneakers-for-winter-outdoor-sports-high-quality-shoes/,Chiang Women High-top Waterproof Ankle-Boots Brand Hiking Cotton Lady Sneakers For Winter Outdoor Sports High-Quality Shoes,2020/02/Chiang-Women-High-top-Waterproof-Ankle-Boots-Brand-Hiking-Cotton-Lady-Sneakers-For-Winter-Outdoor-Sports.jpg
305785,https://hikingprostore.com/product/durable-hiking-shoes-for-men-women-outdoor-climbing-trekking-sneakers-nonslip-flat-sport-shoes-unisex-wading-water-shoes/,Durable Hiking Shoes For Men Women Outdoor Climbing Trekking Sneakers Nonslip Flat Sport Shoes Unisex Wading Water Shoes,2020/02/Durable-Hiking-Shoes-For-Men-Women-Outdoor-Climbing-Trekking-Sneakers-Nonslip-Flat-Sport-Shoes-Unisex-Wading.jpg
305788,https://hikingprostore.com/product/senta-men-hiking-shoes-breathable-climbing-mountain-shoes-women-sneakers-outdoor-comfort-rubber-hiking-trekking-shoes/,SENTA Men Hiking Shoes Breathable Climbing Mountain Shoes Women Sneakers Outdoor Comfort Rubber Hiking Trekking Shoes,2020/02/SENTA-Men-Hiking-Shoes-Breathable-Climbing-Mountain-Shoes-Women-Sneakers-Outdoor-Comfort-Rubber-Hiking-Trekking-Shoes.jpg
305790,https://hikingprostore.com/product/men-women-outdoor-safety-shoes-protection-anti-sting-work-shoe-hiking-shoes-casual-sport-shoes-walking-hunting-boots-men-sneaker/,Men Women Outdoor Safety Shoes Protection Anti-sting Work Shoe Hiking Shoes Casual Sport Shoes Walking Hunting Boots Men Sneaker,2020/02/Men-Women-Outdoor-Safety-Shoes-Protection-Anti-sting-Work-Shoe-Hiking-Shoes-Casual-Sport-Shoes-Walking.jpg
305793,https://hikingprostore.com/product/women-hiking-shoes-2018-high-quality-outdoor-sneakers-thick-sole-rubber-female-camping-mountain-shoes-women-sports-walking-shoes/,Women Hiking Shoes 2018 High Quality Outdoor Sneakers Thick Sole Rubber Female Camping Mountain Shoes Women Sports Walking Shoes,2020/02/Women-Hiking-Shoes-2018-High-Quality-Outdoor-Sneakers-Thick-Sole-Rubber-Female-Camping-Mountain-Shoes-Women.jpg
305797,https://hikingprostore.com/product/women-hiking-shoes-travel-outdoor-non-slip-breathable-ladies-sneakers-trekking-pink-purple-water-beach-female-climbing-shoes/,Women Hiking Shoes Travel Outdoor Non-slip Breathable Ladies Sneakers Trekking Pink Purple Water Beach Female Climbing Shoes,2020/02/Women-Hiking-Shoes-Travel-Outdoor-Non-slip-Breathable-Ladies-Sneakers-Trekking-Pink-Purple-Water-Beach-Female.jpg
306053,https://hikingprostore.com/product/hiking-shoes-for-women-snow-boots-non-slip-outdoor-hiking-boots-trekking-shoes-waterproof-sport-sneakers-camping-sport-shoes/,Hiking Shoes For Women Snow Boots Non-Slip Outdoor Hiking Boots Trekking Shoes Waterproof Sport Sneakers Camping Sport Shoes,2020/02/Hiking-Shoes-For-Women-Snow-Boots-Non-Slip-Outdoor-Hiking-Boots-Trekking-Shoes-Waterproof-Sport-Sneakers.jpg
306065,https://hikingprostore.com/product/women-outdoor-winter-warm-snow-boots-non-slip-waterproof-plus-velvet-thermal-high-girl-boots-climbing-hiking-female-sports-shoes/,Women Outdoor Winter Warm Snow Boots Non-Slip Waterproof Plus Velvet Thermal High Girl Boots Climbing Hiking Female Sports Shoes,2020/02/Women-Outdoor-Winter-Warm-Snow-Boots-Non-Slip-Waterproof-Plus-Velvet-Thermal-High-Girl-Boots-Climbing.jpg
306084,https://hikingprostore.com/product/women-hiking-shoes-men-nubuck-cow-suede-leather-tactical-trekking-sneakers-waterproof-shoes-non-slip-durable-outdoor-sport-shoes/,Women Hiking Shoes Men Nubuck Cow Suede Leather Tactical Trekking Sneakers Waterproof Shoes Non Slip Durable Outdoor Sport Shoes,2020/02/Women-Hiking-Shoes-Men-Nubuck-Cow-Suede-Leather-Tactical-Trekking-Sneakers-Waterproof-Shoes-Non-Slip-Durable.jpg
306089,https://hikingprostore.com/product/zhjlut-new-classics-style-men-hiking-shoes-unisex-outdoor-walking-woman-sneakers-comfortable-lace-up-mountain-climbing-shoes/,ZHJLUT New Classics Style Men Hiking Shoes Unisex Outdoor Walking Woman Sneakers Comfortable Lace Up Mountain Climbing Shoes,2020/02/ZHJLUT-New-Classics-Style-Men-Hiking-Shoes-Unisex-Outdoor-Walking-Woman-Sneakers-Comfortable-Lace-Up-Mountain.jpg
306250,https://hikingprostore.com/product/new-winter-women-hiking-shoes-outdoor-explore-multi-fundtion-trekking-sneakers-wear-resistance-sport-shoes-female-snow-boots/,New Winter Women Hiking Shoes Outdoor Explore Multi-Fundtion Trekking Sneakers Wear-Resistance Sport Shoes Female Snow Boots,2020/02/New-Winter-Women-Hiking-Shoes-Outdoor-Explore-Multi-Fundtion-Trekking-Sneakers-Wear-Resistance-Sport-Shoes-Female.jpg
306305,https://hikingprostore.com/product/new-men-women-outdoor-hiking-shoes-genuine-leather-anti-skid-breathable-climbing-sneakers-trekking-shoes-hiking-sneakers-boots/,New Men Women Outdoor Hiking Shoes Genuine Leather Anti-skid Breathable Climbing Sneakers Trekking Shoes Hiking Sneakers Boots,2020/02/New-Men-Women-Outdoor-Hiking-Shoes-Genuine-Leather-Anti-skid-Breathable-Climbing-Sneakers-Trekking-Shoes-Hiking.jpg
306318,https://hikingprostore.com/product/winter-men-hiking-boots-leather-waterproof-suede-flock-keep-warm-snow-boots-woman-trekking-boots-outdoor-climbing-athletic-shoes/,Winter Men Hiking Boots Leather Waterproof Suede Flock Keep Warm Snow Boots Woman Trekking Boots Outdoor Climbing Athletic Shoes,2020/02/Winter-Men-Hiking-Boots-Leather-Waterproof-Suede-Flock-Keep-Warm-Snow-Boots-Woman-Trekking-Boots-Outdoor.jpg
306482,https://hikingprostore.com/product/2019-men-outdoor-hiking-shoes-mesh-breathable-waterproof-lace-up-soft-sport-shoes-male-outdoor-jogging-trekking-sneakers/,2019 Men Outdoor Hiking Shoes Mesh Breathable Waterproof Lace-Up Soft Sport Shoes Male Outdoor Jogging Trekking Sneakers,2020/02/2019-Men-Outdoor-Hiking-Shoes-Mesh-Breathable-Waterproof-Lace-Up-Soft-Sport-Shoes-Male-Outdoor-Jogging.jpg
306524,https://hikingprostore.com/product/plus-size-winter-hiking-boots-men-waterproof-fabric-outdoor-mountain-shoes-wearproof-women-snow-boots-sneakers-men-footwear/,Plus Size Winter Hiking Boots Men Waterproof Fabric Outdoor Mountain Shoes Wearproof Women Snow Boots Sneakers Men Footwear,2020/02/Plus-Size-Winter-Hiking-Boots-Men-Waterproof-Fabric-Outdoor-Mountain-Shoes-Wearproof-Women-Snow-Boots-Sneakers.jpg
306538,https://hikingprostore.com/product/women-martin-boots-anti-slip-3-5-cm-platform-boots-wear-resistant-ladies-canvas-shoes-outdoor-sporting-hiking-walking-boots/,Women Martin Boots Anti-slip 3.5 cm Platform Boots Wear-resistant Ladies Canvas Shoes Outdoor Sporting Hiking Walking Boots,2020/02/Women-Martin-Boots-Anti-slip-3-5-cm-Platform-Boots-Wear-resistant-Ladies-Canvas-Shoes-Outdoor.jpg
306703,https://hikingprostore.com/product/unisex-outdoor-hiking-boots-men-winter-fur-thermal-waterproof-hunting-boots-women-breathable-hunting-boots-sneakers-shoes-male/,Unisex Outdoor Hiking Boots Men Winter Fur Thermal Waterproof Hunting Boots Women Breathable Hunting Boots Sneakers Shoes Male,2020/02/Unisex-Outdoor-Hiking-Boots-Men-Winter-Fur-Thermal-Waterproof-Hunting-Boots-Women-Breathable-Hunting-Boots-Sneakers.jpg
306820,https://hikingprostore.com/product/couple-non-slip-hiking-shoes-men-tactical-trekking-shoes-breathable-women-outdoor-hunting-shoes-durable-lace-up-sport-footwear/,Couple Non Slip Hiking Shoes Men Tactical Trekking Shoes Breathable Women Outdoor Hunting Shoes Durable Lace Up Sport Footwear,2020/02/Couple-Non-Slip-Hiking-Shoes-Men-Tactical-Trekking-Shoes-Breathable-Women-Outdoor-Hunting-Shoes-Durable-Lace.jpg
306919,https://hikingprostore.com/product/waterproof-hiking-shoes-men-women-sports-shoes-outdoor-trekking-sneakers-non-slip-wear-resistant-travel-climbing-walking-shoes/,Waterproof Hiking Shoes Men Women Sports Shoes Outdoor Trekking Sneakers Non-slip Wear-resistant Travel Climbing Walking Shoes,2020/02/Waterproof-Hiking-Shoes-Men-Women-Sports-Shoes-Outdoor-Trekking-Sneakers-Non-slip-Wear-resistant-Travel-Climbing.jpg
306986,https://hikingprostore.com/product/fine-zero-new-classics-style-women-hiking-shoes-lace-up-women-sport-shoes-outdoor-jogging-trekking-sneakers-fast-free-shipping/,Fine Zero New Classics Style Women Hiking Shoes Lace Up Women Sport Shoes Outdoor Jogging Trekking Sneakers Fast Free Shipping,2020/02/Fine-Zero-New-Classics-Style-Women-Hiking-Shoes-Lace-Up-Women-Sport-Shoes-Outdoor-Jogging-Trekking.jpg
307173,https://hikingprostore.com/product/kancoold-women-hiking-shoes-outdoor-sneakers-travel-shoes-non-slip-breathable-waterproof-sports-shoes-work-shoes-female-trekking/,KANCOOLD Women Hiking Shoes Outdoor Sneakers Travel Shoes Non-slip Breathable Waterproof Sports Shoes Work Shoes Female Trekking,2020/02/KANCOOLD-Women-Hiking-Shoes-Outdoor-Sneakers-Travel-Shoes-Non-slip-Breathable-Waterproof-Sports-Shoes-Work-Shoes.jpg
307210,https://hikingprostore.com/product/women-winter-hiking-shoes-boots-climbing-camping-shoes-sneakers-female-velvet-leisure-height-increasing-shoes-aa60007/,Women Winter Hiking Shoes Boots Climbing Camping Shoes Sneakers Female Velvet Leisure Height Increasing Shoes AA60007,2020/02/Women-Winter-Hiking-Shoes-Boots-Climbing-Camping-Shoes-Sneakers-Female-Velvet-Leisure-Height-Increasing-Shoes-AA60007.jpg
307241,https://hikingprostore.com/product/men-women-high-top-hiking-shoes-2019-durable-waterproof-anti-slip-outdoor-climbing-trekking-shoes-military-tactical-bootsg4/,Men Women High Top Hiking Shoes 2019 Durable Waterproof Anti-Slip Outdoor Climbing Trekking Shoes Military Tactical Boots#g4,2020/02/Men-Women-High-Top-Hiking-Shoes-2019-Durable-Waterproof-Anti-Slip-Outdoor-Climbing-Trekking-Shoes-Military.jpg
307244,https://hikingprostore.com/product/women-hiking-shoes-platform-snow-trekking-boots-fur-warm-plush-outdoor-shoes-ladies-genuine-leather-high-top-waterproof-sneakers/,Women Hiking Shoes Platform Snow Trekking Boots Fur Warm Plush Outdoor Shoes Ladies Genuine Leather High Top Waterproof Sneakers,2020/02/Women-Hiking-Shoes-Platform-Snow-Trekking-Boots-Fur-Warm-Plush-Outdoor-Shoes-Ladies-Genuine-Leather-High.jpg
307293,https://hikingprostore.com/product/men-hiking-shoes-women-non-slip-climbing-mountain-amphibious-shoes-fishing-outdoor-sports-sneakers-quick-dry-shoes/,Men Hiking Shoes Women Non-Slip Climbing Mountain Amphibious Shoes Fishing Outdoor Sports Sneakers Quick Dry Shoes,2020/02/Men-Hiking-Shoes-Women-Non-Slip-Climbing-Mountain-Amphibious-Shoes-Fishing-Outdoor-Sports-Sneakers-Quick-Dry.jpg
307379,https://hikingprostore.com/product/hiking-shoes-women-men-spring-hiking-boots-work-safety-mountain-shoes-climbing-outdoor-sport-shoes-trekking-breathable-sneakers/,Hiking Shoes Women/Men Spring Hiking Boots Work Safety Mountain Shoes Climbing Outdoor Sport Shoes Trekking Breathable Sneakers,2020/02/Hiking-Shoes-Women-Men-Spring-Hiking-Boots-Work-Safety-Mountain-Shoes-Climbing-Outdoor-Sport-Shoes-Trekking.jpg
307473,https://hikingprostore.com/product/2019-hiking-shoes-women-boots-waterproof-winter-fur-keep-warm-trekking-botas-tacticas-hombre-suede-sneakers-climbing-shoes-woman/,2019 hiking shoes women boots waterproof Winter Fur keep warm trekking botas tacticas hombre Suede sneakers climbing shoes woman,2020/02/2019-hiking-shoes-women-boots-waterproof-Winter-Fur-keep-warm-trekking-botas-tacticas-hombre-Suede-sneakers.jpg
307503,https://hikingprostore.com/product/hiking-shoes-men-anti-skid-sport-shoes-winter-boots-woman-cotton-shoes-outdoor-mountain-sneakers-snow-plush-boots-for-man/,Hiking Shoes Men Anti Skid Sport Shoes Winter Boots Woman Cotton Shoes Outdoor Mountain Sneakers Snow Plush Boots for man,2020/02/Hiking-Shoes-Men-Anti-Skid-Sport-Shoes-Winter-Boots-Woman-Cotton-Shoes-Outdoor-Mountain-Sneakers-Snow.jpg
307534,https://hikingprostore.com/product/fine-zero-outdoor-men-and-women-hiking-shoes-waterproof-work-safety-boots-warm-plush-training-sneakers-anti-slip-trekking/,Fine Zero Outdoor Men And Women Hiking Shoes Waterproof Work Safety  Boots  Warm Plush Training Sneakers Anti-Slip Trekking,2020/02/Fine-Zero-Outdoor-Men-And-Women-Hiking-Shoes-Waterproof-Work-Safety-Boots-Warm-Plush-Training-Sneakers.jpg
307754,https://hikingprostore.com/product/men-women-hiking-shoes-climbing-mountain-wear-resistant-amphibious-shoes-non-slip-fishing-outdoor-sport-sneakers-quick-dry-shoes/,Men Women Hiking Shoes Climbing Mountain Wear-Resistant Amphibious Shoes Non-Slip Fishing Outdoor Sport Sneakers Quick Dry Shoes,2020/02/Men-Women-Hiking-Shoes-Climbing-Mountain-Wear-Resistant-Amphibious-Shoes-Non-Slip-Fishing-Outdoor-Sport-Sneakers.jpg
307774,https://hikingprostore.com/product/breathable-hiking-shoes-for-women-light-mesh-water-shoes-2019-outdoor-sport-climbing-fishing-sneakers-trekking-tactical-shoes/,Breathable Hiking Shoes For Women Light Mesh Water Shoes 2019 Outdoor Sport Climbing Fishing Sneakers Trekking tactical Shoes,2020/02/Breathable-Hiking-Shoes-For-Women-Light-Mesh-Water-Shoes-2019-Outdoor-Sport-Climbing-Fishing-Sneakers-Trekking.jpg
308075,https://hikingprostore.com/product/2019-men-outdoor-mountain-walking-shoes-cushioned-hiking-trainers-for-women-lace-up-sport-shoes-men-women-non-slip-outdoor-shoes/,2019 Men Outdoor Mountain Walking Shoes Cushioned Hiking Trainers for Women Lace Up Sport Shoes Men Women Non Slip Outdoor Shoes,2020/02/2019-Men-Outdoor-Mountain-Walking-Shoes-Cushioned-Hiking-Trainers-for-Women-Lace-Up-Sport-Shoes-Men.jpg
308101,https://hikingprostore.com/product/men-hiking-shoes-outdoor-sport-mens-shoes-slip-resistant-women-mountain-climbing-shoes-breathable-trekking-footwear-sneakers/,Men Hiking Shoes Outdoor Sport Mens Shoes Slip Resistant Women  Mountain Climbing Shoes Breathable Trekking Footwear Sneakers,2020/02/Men-Hiking-Shoes-Outdoor-Sport-Mens-Shoes-Slip-Resistant-Women-Mountain-Climbing-Shoes-Breathable-Trekking-Footwear.jpg
308111,https://hikingprostore.com/product/womens-hiking-shoe-snow-boots-outdoor-winter-velvet-warm-ankle-boots-durable-anti-slip-climbing-trekking-shoes-military-trainers/,Womens hiking shoe Snow Boots Outdoor Winter Velvet Warm Ankle Boots Durable Anti-Slip Climbing Trekking Shoes Military trainers,2020/02/Womens-hiking-shoe-Snow-Boots-Outdoor-Winter-Velvet-Warm-Ankle-Boots-Durable-Anti-Slip-Climbing-Trekking.jpg
308123,https://hikingprostore.com/product/plus-size-36-47-women-men-hiking-boots-breathable-brand-outdoor-mens-sport-cool-trekking-mountain-man-climbing-athletic-shoes/,Plus Size 36-47 Women Men Hiking Boots Breathable Brand Outdoor Mens Sport Cool Trekking Mountain Man Climbing Athletic Shoes,2020/02/Plus-Size-36-47-Women-Men-Hiking-Boots-Breathable-Brand-Outdoor-Mens-Sport-Cool-Trekking-Mountain.jpg
308371,https://hikingprostore.com/product/winter-fur-women-trekking-boots-light-outdoor-hiking-shoes-for-ladies-warm-fur-sport-shoes-woman-designer-climbing-shoes-womens/,Winter Fur Women Trekking Boots Light Outdoor Hiking Shoes For Ladies Warm Fur Sport Shoes Woman Designer Climbing Shoes Women's,2020/02/Winter-Fur-Women-Trekking-Boots-Light-Outdoor-Hiking-Shoes-For-Ladies-Warm-Fur-Sport-Shoes-Woman.jpg
308553,https://hikingprostore.com/product/fznyl-womens-platorm-f-hiking-shoes-wear-resistant-mountain-casual-shoes-breathable-mesh-outdoor-sneaker-sports-shoes-famale/,FZNYL Women's Platorm f Hiking Shoes Wear Resistant Mountain Casual Shoes Breathable Mesh Outdoor Sneaker Sports Shoes Famale,2020/02/FZNYL-Women-s-Platorm-f-Hiking-Shoes-Wear-Resistant-Mountain-Casual-Shoes-Breathable-Mesh-Outdoor-Sneaker.jpg
308556,https://hikingprostore.com/product/tuluo-winter-hiking-shoes-women-snow-boots-waterproof-non-slip-with-thick-fur-warm-waterproof-female-ankle-boots-mujer-36-42/,TULUO Winter Hiking Shoes Women Snow boots Waterproof Non-slip With Thick Fur Warm Waterproof Female Ankle Boots Mujer 36-42,2020/02/TULUO-Winter-Hiking-Shoes-Women-Snow-boots-Waterproof-Non-slip-With-Thick-Fur-Warm-Waterproof-Female.jpg
308557,https://hikingprostore.com/product/women-hiking-boots-sport-shoes-womens-outdoor-snow-hiking-shoes-boot-waterproof-breathable-sneakers-shoes-for-woman-2/,Women Hiking Boots Sport Shoes Women's Outdoor Snow Hiking Shoes Boot Waterproof Breathable Sneakers Shoes For Woman,2020/02/Women-Hiking-Boots-Sport-Shoes-Women-s-Outdoor-Snow-Hiking-Shoes-Boot-Waterproof-Breathable-Sneakers-Shoes-6.jpg
308559,https://hikingprostore.com/product/winter-men-women-hiking-shoes-outdoor-walking-jogging-trekking-snow-boots-mountain-climbing-sport-sneakers-athletic-waterproof/,Winter Men Women Hiking Shoes Outdoor Walking Jogging Trekking Snow Boots Mountain Climbing Sport Sneakers Athletic Waterproof,2020/02/Winter-Men-Women-Hiking-Shoes-Outdoor-Walking-Jogging-Trekking-Snow-Boots-Mountain-Climbing-Sport-Sneakers-Athletic.jpg
308562,https://hikingprostore.com/product/2019-women-snow-boots-winter-warm-ankle-boots-waterproof-sneakers-men-hiking-shoes-outdoor-sports-shoes-for-female-travel-shoes/,2019 Women Snow Boots Winter Warm Ankle Boots Waterproof Sneakers Men Hiking Shoes Outdoor Sports Shoes for Female Travel Shoes,2020/02/2019-Women-Snow-Boots-Winter-Warm-Ankle-Boots-Waterproof-Sneakers-Men-Hiking-Shoes-Outdoor-Sports-Shoes.jpg
308563,https://hikingprostore.com/product/men-women-quick-dry-hiking-shoes-non-slip-unisex-outdoor-trekking-climbing-sneakers-light-slip-on-beach-wading-shoes-plus-size/,Men Women Quick Dry Hiking Shoes Non-Slip Unisex Outdoor Trekking Climbing Sneakers Light Slip-on Beach Wading Shoes Plus Size,2020/02/Men-Women-Quick-Dry-Hiking-Shoes-Non-Slip-Unisex-Outdoor-Trekking-Climbing-Sneakers-Light-Slip-on.jpg
308745,https://hikingprostore.com/product/new-high-qualit-camping-outdoor-sport-shoes-women-sneakers-man-hiking-shoes-man-anti-skid-off-road-walking-athletic-trainers/,New High Qualit Camping Outdoor Sport Shoes Women Sneakers Man Hiking Shoes Man Anti-skid Off-road Walking Athletic Trainers,2020/02/New-High-Qualit-Camping-Outdoor-Sport-Shoes-Women-Sneakers-Man-Hiking-Shoes-Man-Anti-skid-Off.jpg
308768,https://hikingprostore.com/product/spring-summer-men-women-tai-chi-hiking-shoes-outdoor-climbing-soft-leather-kung-fu-wu-lin-ultralight-sports-female-sneakers/,Spring Summer Men Women Tai Chi Hiking Shoes Outdoor Climbing Soft Leather Kung Fu Wu Lin  Ultralight Sports Female Sneakers,2020/02/Spring-Summer-Men-Women-Tai-Chi-Hiking-Shoes-Outdoor-Climbing-Soft-Leather-Kung-Fu-Wu-Lin.jpg
308772,https://hikingprostore.com/product/new-men-outdoor-sneakers-anti-skid-breathable-hiking-shoes-men-women-outdoor-hiking-sandals-men-trekking-trail-water-aqua-shoes/,New Men Outdoor Sneakers Anti-skid Breathable Hiking Shoes Men Women Outdoor Hiking Sandals Men Trekking Trail Water Aqua Shoes,2020/02/New-Men-Outdoor-Sneakers-Anti-skid-Breathable-Hiking-Shoes-Men-Women-Outdoor-Hiking-Sandals-Men-Trekking.jpg
308791,https://hikingprostore.com/product/women-hiking-shoes-height-increasing-size-35-42-women-outdoor-sport-sneakers-breathable-mesh-women-summer-mountain-sport-shoes/,Women Hiking Shoes Height Increasing Size 35-42 Women Outdoor Sport Sneakers Breathable Mesh Women Summer Mountain Sport Shoes,2020/02/Women-Hiking-Shoes-Height-Increasing-Size-35-42-Women-Outdoor-Sport-Sneakers-Breathable-Mesh-Women-Summer.jpg
308886,https://hikingprostore.com/product/hiking-shoes-for-women-real-leather-non-slip-outdoor-hiking-boots-trekking-shoes-waterproof-sport-sneakers-camping-sport-shoes-2/,Hiking Shoes For Women Real Leather Non-Slip Outdoor Hiking Boots Trekking Shoes Waterproof Sport Sneakers Camping Sport Shoes,2020/02/Hiking-Shoes-For-Women-Real-Leather-Non-Slip-Outdoor-Hiking-Boots-Trekking-Shoes-Waterproof-Sport-Sneakers.jpg
308977,https://hikingprostore.com/product/eu-36-47-men-women-camouflage-steel-toe-insurance-shoes-outdoor-camping-hiking-working-smash-proof-puncture-proof-safety-boots/,Eu 36-47 Men Women Camouflage Steel Toe Insurance Shoes Outdoor Camping Hiking Working Smash-proof Puncture-proof Safety Boots,2020/02/Eu-36-47-Men-Women-Camouflage-Steel-Toe-Insurance-Shoes-Outdoor-Camping-Hiking-Working-Smash-proof.jpg
309094,https://hikingprostore.com/product/men-women-hiking-shoes-outdoor-walking-jogging-trekking-boots-mountain-climbing-sport-male-waterproof-sneakers-athletic-non-slip-2/,Men Women Hiking Shoes Outdoor Walking Jogging Trekking Boots Mountain Climbing Sport Male Waterproof Sneakers Athletic Non-slip,2020/02/Men-Women-Hiking-Shoes-Outdoor-Walking-Jogging-Trekking-Boots-Mountain-Climbing-Sport-Male-Waterproof-Sneakers-Athletic-6.jpg
309134,https://hikingprostore.com/product/mwy-women-hiking-shoes-warm-tactical-boots-outdoor-mountain-climbing-sneakers-zapatillas-deportivas-trekking-shoes-women/,MWY Women Hiking Shoes Warm Tactical Boots Outdoor Mountain Climbing Sneakers Zapatillas deportivas Trekking Shoes Women,2020/02/MWY-Women-Hiking-Shoes-Warm-Tactical-Boots-Outdoor-Mountain-Climbing-Sneakers-Zapatillas-deportivas-Trekking-Shoes-Women.jpg
309137,https://hikingprostore.com/product/women-hiking-shoes-outdoor-anti-slip-climbing-sport-shoes-autumn-winter-trekking-sneakers-lace-up-breathable-lady-athletic-boots/,Women Hiking Shoes Outdoor Anti-Slip Climbing Sport Shoes Autumn Winter Trekking Sneakers Lace-up Breathable Lady Athletic Boots,2020/02/Women-Hiking-Shoes-Outdoor-Anti-Slip-Climbing-Sport-Shoes-Autumn-Winter-Trekking-Sneakers-Lace-up-Breathable.jpg
309243,https://hikingprostore.com/product/men-women-winter-suede-leather-camouflage-martin-boots-autumn-tooling-snow-boots-couples-hiking-shoes-soft-sneakers-size-36-46/,Men Women Winter Suede Leather Camouflage Martin Boots Autumn Tooling Snow Boots Couples Hiking Shoes Soft Sneakers Size 36-46,2020/02/Men-Women-Winter-Suede-Leather-Camouflage-Martin-Boots-Autumn-Tooling-Snow-Boots-Couples-Hiking-Shoes-Soft.jpg
309307,https://hikingprostore.com/product/winter-men-women-hiking-shoes-outdoor-walking-jogging-trekking-warm-boots-mountain-climbing-sport-sneakers-athletic-non-slip/,Winter Men Women Hiking Shoes Outdoor Walking Jogging Trekking Warm Boots Mountain Climbing Sport Sneakers Athletic Non-slip,2020/02/Winter-Men-Women-Hiking-Shoes-Outdoor-Walking-Jogging-Trekking-Warm-Boots-Mountain-Climbing-Sport-Sneakers-Athletic.jpg
309349,https://hikingprostore.com/product/men-women-new-hot-sale-classic-outdoor-sports-ankle-hiking-boots-unisex-climbing-trekking-shoes-couple-casual-sneakers-climbing/,Men Women New Hot Sale Classic Outdoor Sports Ankle Hiking Boots Unisex Climbing Trekking Shoes Couple Casual Sneakers Climbing,2020/02/Men-Women-New-Hot-Sale-Classic-Outdoor-Sports-Ankle-Hiking-Boots-Unisex-Climbing-Trekking-Shoes-Couple.jpg
309355,https://hikingprostore.com/product/hiking-shoes-woman-thick-bottom-anti-slip-sneakers-men-trekking-sport-shoes-women-climbing-waterproof-shoes-jogging-training/,hiking shoes woman Thick bottom anti-slip sneakers men trekking sport shoes women climbing waterproof shoes Jogging Training,2020/02/hiking-shoes-woman-Thick-bottom-anti-slip-sneakers-men-trekking-sport-shoes-women-climbing-waterproof-shoes.jpg
309414,https://hikingprostore.com/product/2019-thestron-couples-hiking-shoes-comfortable-walking-sneakers-autumn-winter-mens-trekking-shoes-army-green-women-camping-shoes/,2019 Thestron Couples Hiking Shoes Comfortable Walking Sneakers Autumn Winter Mens Trekking Shoes Army Green Women Camping Shoes,2020/02/2019-Thestron-Couples-Hiking-Shoes-Comfortable-Walking-Sneakers-Autumn-Winter-Mens-Trekking-Shoes-Army-Green-Women.jpg
309796,https://hikingprostore.com/product/women-hiking-shoes-man-waterproof-mountain-climbing-trekking-shoes-professional-breathable-outdoor-sneaker-for-camping-travel/,Women Hiking Shoes Man Waterproof Mountain Climbing Trekking Shoes Professional Breathable Outdoor Sneaker For Camping Travel,2020/02/Women-Hiking-Shoes-Man-Waterproof-Mountain-Climbing-Trekking-Shoes-Professional-Breathable-Outdoor-Sneaker-For-Camping-Travel.jpg
309852,https://hikingprostore.com/product/winter-men-women-hiking-shoes-outdoor-walking-jogging-trekking-warm-snow-boots-climbing-sport-sneakers-athletic-waterproof/,Winter Men Women Hiking Shoes Outdoor Walking Jogging Trekking Warm Snow Boots Climbing Sport Sneakers Athletic Waterproof,2020/02/Winter-Men-Women-Hiking-Shoes-Outdoor-Walking-Jogging-Trekking-Warm-Snow-Boots-Climbing-Sport-Sneakers-Athletic.jpg
309902,https://hikingprostore.com/product/women-winter-outdoor-hiking-shoes-ladies-breathable-wool-liner-snow-shoes-women-winter-fashion-non-slip-walking-shoes-for-20c/,Women winter outdoor hiking  shoes ladies breathable wool liner snow shoes women winter fashion non-slip walking shoes for-20c,2020/02/Women-winter-outdoor-hiking-shoes-ladies-breathable-wool-liner-snow-shoes-women-winter-fashion-non-slip.jpg
309982,https://hikingprostore.com/product/women-winter-hiking-boots-jujube-red-sneakers-women-boots-warm-fur-hunter-boots-for-women-big-size-42-outdoor-sport-woman-shoes/,Women Winter Hiking Boots Jujube Red Sneakers Women Boots Warm Fur Hunter Boots for Women Big Size 42 Outdoor Sport Woman Shoes,2020/02/Women-Winter-Hiking-Boots-Jujube-Red-Sneakers-Women-Boots-Warm-Fur-Hunter-Boots-for-Women-Big.jpg
310101,https://hikingprostore.com/product/winter-men-women-cycling-sports-warm-fleece-snow-boots-46-big-size-outdoor-climbing-hiking-camping-thermal-thicken-cotton-shoes/,Winter Men Women Cycling Sports Warm Fleece Snow Boots 46 Big Size Outdoor Climbing Hiking Camping Thermal Thicken Cotton Shoes,2020/02/Winter-Men-Women-Cycling-Sports-Warm-Fleece-Snow-Boots-46-Big-Size-Outdoor-Climbing-Hiking-Camping.jpg
310156,https://hikingprostore.com/product/tfsland-outdoor-mesh-breathable-womens-men-hiking-shoes-lightweight-male-walking-trekking-shoes-climbing-camping-sports-sneakers/,Tfsland Outdoor Mesh Breathable Womens Men Hiking Shoes Lightweight Male Walking Trekking Shoes Climbing Camping Sports Sneakers,2020/02/Tfsland-Outdoor-Mesh-Breathable-Womens-Men-Hiking-Shoes-Lightweight-Male-Walking-Trekking-Shoes-Climbing-Camping-Sports.jpg
310248,https://hikingprostore.com/product/men-summer-mesh-breathable-hiking-shoes-mountain-climbing-shoes-unisex-outdoor-sport-shoes-women-trekking-sneakers-size-36-44/,Men Summer Mesh Breathable Hiking Shoes Mountain Climbing Shoes Unisex Outdoor Sport Shoes Women Trekking Sneakers Size 36-44,2020/02/Men-Summer-Mesh-Breathable-Hiking-Shoes-Mountain-Climbing-Shoes-Unisex-Outdoor-Sport-Shoes-Women-Trekking-Sneakers.jpg
310594,https://hikingprostore.com/product/outdoor-shoes-women-hiking-sneakers-black-red-for-camping-and-hiking-spring-autumn-women-mountain-hiking-boots/,Outdoor Shoes Women Hiking Sneakers Black Red for Camping and Hiking Spring/Autumn Women Mountain Hiking Boots,2020/02/Outdoor-Shoes-Women-Hiking-Sneakers-Black-Red-for-Camping-and-Hiking-Spring-Autumn-Women-Mountain-Hiking.jpg
310602,https://hikingprostore.com/product/bjakin-2020-new-men-outdoor-sport-shoes-anti-slip-mountain-hiking-shoes-woman-high-quality-climbing-camping-trekking-shoes-36-45/,Bjakin 2020 New Men Outdoor Sport Shoes Anti Slip Mountain Hiking Shoes Woman High Quality Climbing Camping Trekking Shoes 36-45,2020/02/Bjakin-2020-New-Men-Outdoor-Sport-Shoes-Anti-Slip-Mountain-Hiking-Shoes-Woman-High-Quality-Climbing.jpg
310755,https://hikingprostore.com/product/new-sneakers-women-hiking-shoes-outdoor-comfortable-breathable-trekking-hunting-couple-rubber-antiskid-climbing-shoes/,New Sneakers Women Hiking Shoes Outdoor Comfortable Breathable Trekking Hunting Couple Rubber Antiskid Climbing Shoes,2020/02/New-Sneakers-Women-Hiking-Shoes-Outdoor-Comfortable-Breathable-Trekking-Hunting-Couple-Rubber-Antiskid-Climbing-Shoes.jpg
310822,https://hikingprostore.com/product/winter-high-top-women-hiking-waterproof-trekking-boots-men-trekking-shoes-quality-warm-mountain-climbing-shoes-large-size-48-47/,Winter High Top Women Hiking Waterproof Trekking Boots Men Trekking Shoes Quality Warm Mountain Climbing Shoes Large Size 48 47,2020/02/Winter-High-Top-Women-Hiking-Waterproof-Trekking-Boots-Men-Trekking-Shoes-Quality-Warm-Mountain-Climbing-Shoes.jpg
310923,https://hikingprostore.com/product/waterproof-fabric-men-hiking-boots-women-trekking-shoes-2019-winter-outdoor-mountain-climbing-ankle-boots-homme-plus-size-46/,Waterproof Fabric Men Hiking Boots Women Trekking Shoes 2019 Winter Outdoor Mountain Climbing Ankle Boots Homme Plus Size 46,2020/02/Waterproof-Fabric-Men-Hiking-Boots-Women-Trekking-Shoes-2019-Winter-Outdoor-Mountain-Climbing-Ankle-Boots-Homme.jpg
311020,https://hikingprostore.com/product/mwy-outdoor-boots-high-top-hiking-shoes-woman-warm-climbing-mountain-trekking-shoes-breathable-non-slip-sneakers-chaussures/,MWY Outdoor Boots High Top Hiking Shoes Woman Warm Climbing Mountain Trekking Shoes Breathable Non Slip Sneakers Chaussures,2020/02/MWY-Outdoor-Boots-High-Top-Hiking-Shoes-Woman-Warm-Climbing-Mountain-Trekking-Shoes-Breathable-Non-Slip.jpg
311195,https://hikingprostore.com/product/39-50-yards-men-and-women-sneakers-quick-drying-outdoor-water-sports-mountain-lightweight-jogging-hiking-shoes-spring-and-autumn/,39-50 Yards Men And Women Sneakers Quick Drying Outdoor Water Sports Mountain Lightweight Jogging Hiking Shoes Spring And Autumn,2020/02/39-50-Yards-Men-And-Women-Sneakers-Quick-Drying-Outdoor-Water-Sports-Mountain-Lightweight-Jogging-Hiking.jpg
311208,https://hikingprostore.com/product/polali-new-arrival-big-size-women-hiking-shoes-male-outdoor-antiskid-breathable-trekking-hunting-tourism-mountain-sneakers/,POLALI New Arrival Big Size Women HIking Shoes Male Outdoor Antiskid Breathable Trekking Hunting Tourism Mountain Sneakers,2020/02/POLALI-New-Arrival-Big-Size-Women-HIking-Shoes-Male-Outdoor-Antiskid-Breathable-Trekking-Hunting-Tourism-Mountain.jpg
311220,https://hikingprostore.com/product/men-women-hiking-shoes-outdoor-climbing-sneackers-hunting-athletic-trekking-traveling-shoes-non-slip-walking-sport-shoes/,Men Women Hiking Shoes Outdoor Climbing Sneackers Hunting Athletic Trekking Traveling Shoes Non-slip Walking Sport Shoes,2020/02/Men-Women-Hiking-Shoes-Outdoor-Climbing-Sneackers-Hunting-Athletic-Trekking-Traveling-Shoes-Non-slip-Walking-Sport.jpg
311576,https://hikingprostore.com/product/winter-men-women-hiking-shoes-outdoor-walking-jogging-trekking-snow-boots-mountain-climbing-sport-sneakers-athletic-waterproof-2/,Winter Men Women Hiking Shoes Outdoor Walking Jogging Trekking Snow Boots Mountain Climbing Sport Sneakers Athletic Waterproof,2020/02/Winter-Men-Women-Hiking-Shoes-Outdoor-Walking-Jogging-Trekking-Snow-Boots-Mountain-Climbing-Sport-Sneakers-Athletic-6.jpg
311582,https://hikingprostore.com/product/auupgo-mens-waterproof-hiking-boots-men-hiking-shoes-antiskid-outdoor-shoes-women-climbing-camping-mountain-shoes/,AUUPGO Men's Waterproof Hiking Boots Men Hiking Shoes Antiskid Outdoor Shoes Women Climbing Camping Mountain Shoes,2020/02/AUUPGO-Men-s-Waterproof-Hiking-Boots-Men-Hiking-Shoes-Antiskid-Outdoor-Shoes-Women-Climbing-Camping-Mountain.jpg
311585,https://hikingprostore.com/product/waterproof-unisex-men-hiking-shoes-autumn-winter-brand-outdoor-mens-sport-cool-trekking-mountain-woman-climbing-athletic-shoes/,Waterproof Unisex Men Hiking Shoes Autumn Winter Brand Outdoor Mens Sport Cool Trekking Mountain Woman Climbing Athletic Shoes,2020/02/Waterproof-Unisex-Men-Hiking-Shoes-Autumn-Winter-Brand-Outdoor-Mens-Sport-Cool-Trekking-Mountain-Woman-Climbing.jpg
311586,https://hikingprostore.com/product/high-quality-unisex-hiking-shoes-new-autumn-winter-brand-outdoor-mens-sport-cool-trekking-mountain-woman-climbing-athletic-shoes-3/,High Quality Unisex Hiking Shoes New Autumn Winter Brand Outdoor Mens Sport Cool Trekking Mountain Woman Climbing Athletic Shoes,2020/02/High-Quality-Unisex-Hiking-Shoes-New-Autumn-Winter-Brand-Outdoor-Mens-Sport-Cool-Trekking-Mountain-Woman.jpg
311592,https://hikingprostore.com/product/2019-spring-women-hiking-shoes-wearable-climbing-sneakers-for-women-height-increasing-air-cushion-outdoor-tourism-trekking-shoes/,2019 Spring Women Hiking Shoes Wearable Climbing Sneakers For Women Height Increasing Air Cushion Outdoor Tourism Trekking Shoes,2020/02/2019-Spring-Women-Hiking-Shoes-Wearable-Climbing-Sneakers-For-Women-Height-Increasing-Air-Cushion-Outdoor-Tourism.jpg
311891,https://hikingprostore.com/product/winter-men-women-camouflage-hiking-shoes-outdoor-anti-skid-wear-resistant-warm-high-top-tactical-boots-camping-climbing-sneakers/,Winter Men Women Camouflage Hiking shoes Outdoor anti-skid Wear resistant warm high top tactical boots camping climbing sneakers,2020/02/Winter-Men-Women-Camouflage-Hiking-shoes-Outdoor-anti-skid-Wear-resistant-warm-high-top-tactical-boots.jpg
311893,https://hikingprostore.com/product/hiking-shoes-men-women-outdoor-anti-slip-durable-camouflage-trekking-shoes-high-quality-sneakers-men-mountain-climbing-shoes/,Hiking Shoes Men &amp; Women Outdoor Anti-Slip Durable Camouflage Trekking Shoes High Quality Sneakers Men Mountain Climbing Shoes,2020/02/Hiking-Shoes-Men-Women-Outdoor-Anti-Slip-Durable-Camouflage-Trekking-Shoes-High-Quality-Sneakers-Men-Mountain.jpg
311897,https://hikingprostore.com/product/new-hiking-shoes-waterproof-woman-high-top-anti-skidding-women-sports-shoes-outdoor-trekking-shoes-breathable-sneakers-hunting-b/,New Hiking Shoes Waterproof Woman High-top Anti-Skidding Women Sports Shoes Outdoor Trekking Shoes Breathable Sneakers Hunting B,2020/02/New-Hiking-Shoes-Waterproof-Woman-High-top-Anti-Skidding-Women-Sports-Shoes-Outdoor-Trekking-Shoes-Breathable.jpg
312044,https://hikingprostore.com/product/womens-waterproof-breathable-hiking-shoes-outdoor-walking-shoes-for-women-climbing-shoes-outdoor-trail-walking-shoes-hw70/,Women's waterproof breathable hiking shoes outdoor walking shoes for women climbing shoes Outdoor Trail Walking Shoes HW70,2020/02/Women-s-waterproof-breathable-hiking-shoes-outdoor-walking-shoes-for-women-climbing-shoes-Outdoor-Trail-Walking.jpg
312083,https://hikingprostore.com/product/2018-summer-new-style-breathable-mesh-hiking-shoes-for-woman-sports-shoes-for-female-women-outdoor-sneakers-anti-slippery/,2018 Summer New Style Breathable Mesh Hiking Shoes For Woman Sports Shoes for Female Women Outdoor Sneakers Anti Slippery,2020/02/2018-Summer-New-Style-Breathable-Mesh-Hiking-Shoes-For-Woman-Sports-Shoes-for-Female-Women-Outdoor.jpg
312209,https://hikingprostore.com/product/outdoor-trekking-hiking-shoes-men-women-breathable-slip-mesh-sneakers-fishing-climbing-quick-dry-shoes/,Outdoor Trekking Hiking Shoes Men Women Breathable Slip Mesh Sneakers Fishing Climbing Quick Dry Shoes,2020/02/Outdoor-Trekking-Hiking-Shoes-Men-Women-Breathable-Slip-Mesh-Sneakers-Fishing-Climbing-Quick-Dry-Shoes.jpg
312364,https://hikingprostore.com/product/men-women-hiking-shoes-sports-sneakers-breathable-climbing-camping-winter-warm-snow-walking-trekking-shoes-men-athletic-shoes/,Men Women Hiking Shoes Sports Sneakers Breathable Climbing Camping Winter Warm Snow Walking Trekking Shoes Men Athletic Shoes,2020/02/Men-Women-Hiking-Shoes-Sports-Sneakers-Breathable-Climbing-Camping-Winter-Warm-Snow-Walking-Trekking-Shoes-Men.jpg
312369,https://hikingprostore.com/product/outdoor-climbing-training-water-resistant-high-shoes-military-combat-tactical-boots-men-women-hunting-hiking-desert-army-boot/,Outdoor Climbing Training Water Resistant High Shoes Military Combat Tactical Boots Men Women Hunting Hiking Desert Army Boot,2020/02/Outdoor-Climbing-Training-Water-Resistant-High-Shoes-Military-Combat-Tactical-Boots-Men-Women-Hunting-Hiking-Desert.jpg
312666,https://hikingprostore.com/product/unisex-outdoor-hiking-shoes-men-women-non-slip-quick-drying-breathable-walking-sandals-lovers-trekking-wading-beach-aquo-shoes/,Unisex outdoor hiking shoes men women non-slip quick-drying breathable walking sandals lovers trekking wading beach aquo shoes,2020/02/Unisex-outdoor-hiking-shoes-men-women-non-slip-quick-drying-breathable-walking-sandals-lovers-trekking-wading.jpg
